2
15
-10.220000 11.500000 16.070000
-16.840000 -2.580000 -17.000000
20.500000 1.970000 0.840000
-15.160000 -11.500000 7.870000
-5.250000 -7.590000 -17.000000
14.080000 8.220000 17.000000
-20.500000 11.200000 -13.230000
17.970000 -11.500000 16.350000
-15.570000 -11.500000 13.880000
-7.700000 6.470000 -17.000000
20.500000 8.480000 0.690000
20.500000 1.470000 13.350000
0.210000 11.500000 7.630000
0.410000 11.500000 5.010000
9.680000 -3.200000 -17.000000
15
-3.028172 -24.480620 9.789910
4.176684 24.181432 -32.099666
13.482567 1.540450 -32.121978
11.443827 12.858622 -12.509643
-4.622740 6.638379 14.274379
-13.173013 16.648120 19.895405
-26.352370 5.326689 27.037033
-10.796030 8.520057 21.797129
12.143485 26.221863 -22.161315
-5.815366 20.433307 -11.744593
-1.978139 -3.588701 -6.903093
1.098876 -15.531449 -3.520380
23.497727 -12.340841 -29.460849
-10.978229 -22.928202 28.463432
-10.365286 -13.651728 31.300019
