47952832.000000
70799520.000000
7854638.000000
29589880.000000
94037928.000000
173519280.000000
118083924.000000
28287792.000000
4286240.000000
20592.000000
5676300.000000
80125500.000000
382506300.000000
34424694.000000
73840700.000000
32866200.000000
21861450.000000
40523505.000000
410001480.000000
250967808.000000
58412916.000000
62899956.000000
187526724.000000
154003113.000000
77427880.000000
108158880.000000
132383692.000000
552957570.000000
636696.000000
502948320.000000
54541134.000000
261918666.000000
53123008.000000
32364800.000000
66028032.000000
430560.000000
81186560.000000
13421160.000000
116340224.000000
15070176.000000
76095936.000000
3928320.000000
41993925.000000
119021760.000000
25043968.000000
67585680.000000
16384032.000000
338601384.000000
24124625.000000
136779008.000000
310858264.000000
655733580.000000
429454008.000000
6612592.000000
9690912.000000
25329150.000000
59594292.000000
40957224.000000
78973972.000000
2577400.000000
86391378.000000
26468442.000000
14955784.000000
10939200.000000
368376162.000000
4904550.000000
158379320.000000
233996364.000000
244971825.000000
415503400.000000
4526868.000000
70205940.000000
105659750.000000
78615848.000000
4917504.000000
13446364.000000
2442744.000000
26887819.000000
51003315.000000
318688128.000000
146936512.000000
61769280.000000
218176000.000000
61427779.000000
37078272.000000
20659392.000000
125978916.000000
178745280.000000
30117780.000000
76990620.000000
10164864.000000
163939896.000000
