311941086.000000
35847889.000000
123066374.000000
51830100.000000
410929218.000000
106953280.000000
138251022.000000
724113790.000000
271873140.000000
40041924.000000
156664224.000000
42153966.000000
41411500.000000
219419404.000000
473541120.000000
108353048.000000
28315766.000000
175893120.000000
3685045.000000
52398864.000000
11890515.000000
99958144.000000
19870200.000000
94029210.000000
18211080.000000
48376440.000000
15189804.000000
29027840.000000
53626636.000000
23952638.000000
115659375.000000
391681200.000000
3633000.000000
23331755.000000
63564291.000000
121946670.000000
321071520.000000
41662512.000000
42698112.000000
15179430.000000
42897632.000000
495489120.000000
113329050.000000
212715302.000000
227875662.000000
24977568.000000
4308752.000000
13429668.000000
2702310.000000
70331148.000000
72019752.000000
106136793.000000
2250504.000000
75236236.000000
54330300.000000
24498976.000000
511722900.000000
517648432.000000
28117530.000000
40100912.000000
2978250.000000
167361117.000000
126403536.000000
29692920.000000
6830120.000000
14749175.000000
334628256.000000
1004338.000000
9734904.000000
345763584.000000
164836265.000000
703882272.000000
427133736.000000
302642648.000000
122065042.000000
96981120.000000
88899972.000000
27315200.000000
89310256.000000
11882052.000000
130274298.000000
8452400.000000
355276520.000000
31831878.000000
312105266.000000
185900481.000000
23051080.000000
210283710.000000
13853280.000000
124300176.000000
58424417.000000
103806.000000
12611360.000000
56338740.000000
52097812.000000
95947980.000000
9816138.000000
