8
63
-400 0 400 12
-400 12 -133 19
132 12 399 21
-399 19 -310 26
-222 19 -132 28
133 21 222 24
309 21 400 26
-398 26 -369 27
-341 26 -309 27
-223 28 -191 30
-161 28 -131 33
134 24 163 25
191 24 222 27
309 26 340 28
368 26 401 27
-398 27 -388 32
-379 27 -369 34
-341 27 -330 28
-321 27 -308 36
-224 30 -212 34
-203 30 -191 38
-160 33 -150 34
-142 33 -132 39
133 25 144 35
153 25 162 26
191 27 202 36
212 27 222 35
310 28 320 37
329 28 339 37
367 27 380 35
389 27 402 37
-399 32 -394 40
-392 32 -388 40
-379 34 -375 43
-373 34 -370 40
-342 28 -337 36
-335 28 -331 30
-322 36 -316 38
-313 36 -307 37
-225 34 -219 36
-216 34 -212 38
-202 38 -198 39
-196 38 -192 44
-159 34 -156 42
-153 34 -151 40
-141 39 -138 49
-136 39 -132 42
133 35 137 37
141 35 144 39
153 26 157 32
159 26 162 36
190 36 195 39
197 36 203 46
211 35 216 43
219 35 223 40
310 37 314 41
316 37 321 39
329 37 333 40
334 37 339 47
367 35 372 44
375 35 379 37
390 37 394 39
396 37 403 45
127
-1800 0 1800 1
-1799 1 -599 2
599 1 1799 2
-1798 2 -1398 4
-919 2 -521 4
600 2 1000 4
1400 2 1800 3
-1797 4 -1664 5
-1533 4 -1398 5
-920 4 -786 6
-654 4 -521 5
600 4 734 6
866 4 1001 5
1401 3 1534 4
1666 3 1801 4
-1806 5 -1761 6
-1700 5 -1655 6
-1533 5 -1487 6
-1442 5 -1397 7
-921 6 -875 7
-832 6 -787 8
-655 5 -609 6
-567 5 -521 6
601 6 645 7
688 6 733 8
865 5 912 6
955 5 1001 6
1400 4 1446 6
1488 4 1533 5
1666 4 1712 5
1757 4 1802 6
-1807 6 -1790 7
-1775 6 -1762 7
-1700 6 -1684 7
-1671 6 -1656 8
-1532 6 -1517 8
-1502 6 -1486 8
-1442 7 -1426 9
-1411 7 -1396 8
-922 7 -905 9
-892 7 -876 8
-831 8 -816 10
-802 8 -788 10
-656 6 -639 7
-624 6 -610 8
-566 6 -551 8
-537 6 -521 7
602 7 616 9
631 7 645 8
687 8 704 9
719 8 733 9
866 6 881 8
897 6 912 7
956 6 971 7
986 6 1002 8
1397 6 1413 7
1429 6 1446 8
1487 5 1504 6
1518 5 1532 6
1666 5 1682 7
1695 5 1713 7
1757 6 1773 8
1790 6 1806 8
-1807 7 -1801 9
-1795 7 -1789 8
-1774 7 -1770 9
-1768 7 -1761 8
-1700 7 -1694 8
-1689 7 -1683 9
-1671 8 -1665 10
-1661 8 -1656 9
-1531 8 -1526 10
-1521 8 -1516 9
-1501 8 -1496 10
-1491 8 -1485 9
-1443 9 -1436 11
-1431 9 -1425 10
-1412 8 -1405 9
-1402 8 -1397 9
-921 9 -916 10
-912 9 -905 10
-892 8 -886 10
-881 8 -877 9
-833 10 -826 11
-822 10 -816 11
-803 10 -797 11
-794 10 -788 11
-656 7 -650 9
-644 7 -639 8
-623 8 -619 9
-616 8 -610 10
-567 8 -560 10
-556 8 -552 10
-536 7 -531 8
-526 7 -520 8
603 9 607 11
611 9 616 10
630 8 636 9
639 8 644 9
688 9 693 11
697 9 705 11
718 9 724 11
729 9 732 10
865 8 872 9
876 8 882 10
898 7 903 9
906 7 912 8
956 7 962 8
966 7 971 9
985 8 992 9
996 8 1003 10
1396 7 1403 9
1406 7 1413 8
1429 8 1435 10
1439 8 1445 10
1488 6 1493 7
1498 6 1504 8
1516 6 1522 7
1528 6 1533 7
1665 7 1672 9
1677 7 1681 8
1695 7 1701 8
1708 7 1712 9
1758 8 1763 9
1768 8 1773 9
1791 8 1796 9
1800 8 1807 10
15
-100 0 100 10
-99 10 -33 17
33 10 100 30
-100 17 -76 47
-55 17 -32 20
33 30 56 39
78 30 100 64
-100 47 -91 70
-83 47 -75 60
-55 20 -47 53
-40 20 -33 37
33 39 41 51
48 39 56 58
78 64 86 66
92 64 101 100
127
-1700 0 1700 1
-1700 1 -566 3
567 1 1701 3
-1815 3 -1435 5
-945 3 -566 5
567 3 946 5
1324 3 1701 4
-1815 5 -1688 6
-1561 5 -1434 6
-984 5 -856 6
-694 5 -565 6
566 5 694 6
820 5 946 6
1324 4 1450 6
1576 4 1702 5
-1815 6 -1772 7
-1730 6 -1688 7
-1561 6 -1518 8
-1477 6 -1433 7
-985 6 -941 8
-899 6 -855 7
-695 6 -650 8
-607 6 -565 7
567 6 609 7
650 6 694 8
821 6 863 7
905 6 946 8
1324 6 1367 8
1407 6 1451 8
1577 5 1619 6
1659 5 1702 6
-1814 7 -1800 9
-1788 7 -1773 8
-1730 7 -1715 8
-1703 7 -1688 8
-1560 8 -1546 10
-1532 8 -1519 10
-1478 7 -1462 9
-1447 7 -1433 9
-984 8 -970 10
-957 8 -941 10
-900 7 -884 8
-869 7 -855 9
-694 8 -679 9
-664 8 -649 10
-607 7 -592 8
-578 7 -564 9
562 7 578 8
596 7 608 9
650 8 665 10
680 8 694 10
820 7 836 9
848 7 862 9
905 8 919 10
933 8 945 9
1320 8 1335 9
1352 8 1366 10
1406 8 1422 10
1440 8 1456 9
1578 6 1592 8
1604 6 1618 8
1659 6 1674 8
1688 6 1702 7
-1814 9 -1809 10
-1805 9 -1799 10
-1788 8 -1782 9
-1777 8 -1773 10
-1730 8 -1724 9
-1721 8 -1715 9
-1702 8 -1697 9
-1694 8 -1689 9
-1561 10 -1555 11
-1552 10 -1545 11
-1532 10 -1527 12
-1525 10 -1518 12
-1479 9 -1472 11
-1469 9 -1461 11
-1448 9 -1442 10
-1437 9 -1432 10
-985 10 -979 11
-974 10 -971 12
-958 10 -951 12
-947 10 -941 11
-899 8 -894 10
-891 8 -884 10
-868 9 -864 10
-859 9 -855 11
-695 9 -688 11
-683 9 -680 10
-664 10 -658 12
-655 10 -649 12
-608 8 -601 9
-596 8 -591 9
-578 9 -573 10
-568 9 -565 10
562 8 568 9
573 8 577 10
596 9 601 11
603 9 607 10
650 10 656 12
661 10 664 12
681 10 685 11
689 10 694 12
819 9 826 10
831 9 837 10
849 9 853 11
858 9 861 11
906 10 910 11
913 10 920 12
932 9 938 10
942 9 944 11
1321 9 1326 11
1329 9 1335 11
1352 10 1357 11
1361 10 1365 12
1406 10 1412 12
1416 10 1423 11
1441 9 1446 10
1451 9 1457 11
1576 8 1582 10
1587 8 1592 9
1605 8 1609 9
1614 8 1618 9
1660 8 1665 10
1669 8 1675 9
1687 7 1693 8
1697 7 1701 8
15
-100 0 100 10
-99 10 -33 15
33 10 101 14
-99 15 -76 18
-55 15 -32 22
33 14 56 16
78 14 101 18
-99 18 -91 23
-84 18 -76 23
-54 22 -47 30
-41 22 -32 29
32 16 41 20
47 16 55 25
77 18 86 25
94 18 101 21
15
-100 0 100 10
-101 10 -33 19
34 10 100 15
-102 19 -78 23
-57 19 -34 27
34 15 57 19
78 15 101 17
-103 23 -93 25
-85 23 -79 33
-58 27 -49 29
-43 27 -35 31
34 19 42 23
49 19 56 21
78 17 86 20
92 17 100 27
15
-100 0 100 10
-100 10 -33 18
34 10 101 13
-101 18 -77 26
-56 18 -32 24
33 13 57 20
79 13 100 20
-102 26 -92 27
-86 26 -77 28
-56 24 -47 29
-41 24 -31 25
34 20 42 25
50 20 58 24
80 20 87 25
94 20 99 28
63
-400 0 400 12
-401 12 -133 19
132 12 400 15
-400 19 -311 26
-178 19 -86 27
131 15 222 20
311 15 399 16
-399 26 -370 35
-340 26 -310 28
-178 27 -147 35
-116 27 -86 37
132 20 162 30
190 20 222 29
310 16 341 20
384 16 412 18
-400 35 -389 39
-379 35 -371 39
-340 28 -329 31
-321 28 -309 37
-177 35 -167 44
-158 35 -146 40
-116 37 -105 47
-97 37 -86 39
133 30 143 33
151 30 161 33
190 29 201 35
210 29 223 33
311 20 321 22
331 20 340 22
384 18 394 22
403 18 412 27
-399 39 -396 44
-394 39 -390 47
-380 39 -376 41
-373 39 -370 48
-340 31 -336 37
-331 31 -325 39
-322 37 -316 40
-314 37 -309 38
-176 44 -173 49
-172 44 -168 50
-158 40 -153 43
-151 40 -145 46
-117 47 -112 49
-109 47 -104 57
-98 39 -93 43
-89 39 -85 49
134 33 137 38
139 33 142 35
152 33 155 34
158 33 161 43
189 35 194 40
198 35 202 40
211 33 215 34
217 33 224 41
308 22 313 27
318 22 322 31
331 22 335 23
337 22 341 31
385 22 388 24
391 22 395 28
404 27 407 33
408 27 413 36
