9
31
-200 0 200 10
-199 10 -66 33
67 10 201 27
-199 33 -154 60
-112 33 -66 44
36 27 81 60
156 27 201 44
-200 60 -183 86
-168 60 -155 71
-124 44 -107 53
-81 44 -67 48
27 60 42 66
66 60 82 71
155 44 172 63
187 44 201 79
-205 86 -198 124
-184 86 -178 116
-171 71 -166 107
-160 71 -155 103
-128 53 -122 64
-109 53 -102 62
-86 48 -80 67
-72 48 -66 69
26 66 33 73
41 66 47 90
66 71 72 99
79 71 84 98
150 63 157 92
171 63 177 100
184 79 189 113
196 79 202 101
63
-400 0 400 12
-400 12 -133 22
133 12 400 16
-399 22 -310 23
-221 22 -133 31
134 16 223 19
311 16 399 21
-421 23 -392 24
-339 23 -309 32
-221 31 -191 39
-164 31 -133 33
134 19 164 26
194 19 224 23
312 21 341 27
369 21 398 30
-421 24 -411 34
-401 24 -392 27
-338 32 -328 37
-318 32 -308 33
-220 39 -210 49
-200 39 -192 48
-174 33 -162 38
-143 33 -132 37
134 26 145 31
154 26 164 34
186 23 197 28
213 23 224 31
311 27 322 33
332 27 340 34
368 30 379 32
387 30 397 36
-420 34 -417 41
-414 34 -410 36
-401 27 -397 37
-396 27 -393 33
-337 37 -334 46
-331 37 -328 43
-318 33 -314 37
-312 33 -309 38
-219 49 -216 50
-215 49 -209 51
-201 48 -197 50
-194 48 -193 55
-175 38 -169 41
-167 38 -161 40
-144 37 -139 43
-136 37 -131 38
134 31 138 39
140 31 146 41
154 34 158 41
159 34 163 39
186 28 190 34
193 28 198 30
213 31 217 32
223 31 227 40
311 33 315 42
318 33 322 42
332 34 335 42
337 34 339 40
368 32 372 34
375 32 378 39
386 36 391 43
393 36 398 43
15
-100 0 100 10
-101 10 -33 37
33 10 101 42
-100 37 -78 52
-57 37 -34 55
34 42 56 48
77 42 100 50
-101 52 -92 81
-87 52 -77 80
-57 55 -49 76
-43 55 -34 68
35 48 42 79
49 48 57 72
76 50 85 83
93 50 99 77
127
-1800 0 1800 1
-1801 1 -599 2
599 1 1799 2
-1800 2 -1400 3
-1000 2 -599 3
599 2 1000 3
1400 2 1798 3
-1801 3 -1666 5
-1535 3 -1400 5
-999 3 -866 5
-733 3 -600 5
599 3 733 4
866 3 1000 4
1399 3 1533 5
1666 3 1799 4
-1800 5 -1755 7
-1710 5 -1665 7
-1535 5 -1489 7
-1444 5 -1401 7
-999 5 -954 7
-910 5 -867 6
-734 5 -688 6
-644 5 -600 6
598 4 644 6
689 4 732 5
866 4 911 5
963 4 1007 6
1399 5 1444 6
1487 5 1534 7
1665 4 1711 5
1754 4 1798 5
-1801 7 -1784 9
-1769 7 -1754 8
-1710 7 -1694 8
-1681 7 -1665 8
-1534 7 -1519 9
-1506 7 -1489 8
-1448 7 -1432 8
-1415 7 -1402 8
-999 7 -983 8
-970 7 -953 8
-910 6 -895 8
-883 6 -867 7
-734 6 -718 7
-703 6 -689 7
-644 6 -629 7
-616 6 -601 7
598 6 614 8
629 6 644 7
688 5 704 6
716 5 732 7
867 5 882 7
896 5 911 6
964 6 978 7
992 6 1006 7
1398 6 1415 8
1430 6 1445 8
1486 7 1503 8
1517 7 1535 8
1662 5 1678 7
1696 5 1710 6
1755 5 1769 7
1782 5 1799 6
-1800 9 -1795 10
-1789 9 -1784 11
-1769 8 -1763 9
-1758 8 -1755 9
-1709 8 -1704 10
-1700 8 -1692 9
-1681 8 -1675 10
-1671 8 -1665 10
-1534 9 -1528 10
-1524 9 -1518 11
-1508 8 -1501 9
-1495 8 -1489 9
-1449 8 -1442 10
-1437 8 -1431 10
-1415 8 -1410 10
-1408 8 -1402 9
-1000 8 -993 10
-990 8 -982 9
-971 8 -965 9
-958 8 -954 10
-909 8 -904 9
-899 8 -895 10
-882 7 -877 8
-872 7 -868 8
-733 7 -728 8
-723 7 -719 9
-702 7 -698 8
-694 7 -688 8
-643 7 -638 8
-634 7 -630 9
-616 7 -610 9
-605 7 -599 8
599 8 604 9
607 8 613 9
630 7 635 9
638 7 643 9
688 6 694 8
698 6 703 7
714 7 721 8
725 7 731 8
868 7 873 8
876 7 882 8
894 6 901 7
907 6 910 7
963 7 969 9
973 7 979 8
991 7 997 8
1001 7 1007 8
1398 8 1404 10
1408 8 1416 10
1429 8 1436 9
1440 8 1445 9
1485 8 1492 9
1498 8 1504 9
1517 8 1524 9
1530 8 1534 9
1663 7 1668 8
1672 7 1677 9
1697 6 1701 8
1706 6 1710 7
1756 7 1760 9
1763 7 1769 8
1783 6 1788 7
1793 6 1798 8
127
-1700 0 1700 1
-1700 1 -566 2
565 1 1700 3
-1701 2 -1321 4
-944 2 -567 3
564 3 944 4
1320 3 1700 4
-1700 4 -1574 6
-1447 4 -1321 6
-945 3 -818 4
-692 3 -568 4
565 4 691 6
816 4 943 5
1282 4 1409 5
1573 4 1701 5
-1699 6 -1657 8
-1617 6 -1574 7
-1446 6 -1404 7
-1363 6 -1321 7
-945 4 -902 5
-860 4 -819 6
-693 4 -650 6
-609 4 -568 6
566 6 608 7
649 6 690 8
804 5 847 7
900 5 943 6
1281 5 1325 7
1365 5 1409 6
1573 5 1616 6
1657 5 1702 7
-1698 8 -1684 10
-1670 8 -1658 10
-1618 7 -1602 9
-1590 7 -1573 8
-1446 7 -1431 9
-1418 7 -1405 9
-1362 7 -1348 9
-1334 7 -1322 8
-944 5 -930 6
-916 5 -902 7
-859 6 -846 7
-834 6 -820 8
-692 6 -678 8
-664 6 -650 7
-608 6 -595 7
-581 6 -567 8
565 7 581 8
594 7 608 8
650 8 663 10
676 8 690 9
803 7 819 8
832 7 846 9
899 6 915 8
927 6 943 8
1282 7 1296 8
1311 7 1324 8
1364 6 1380 7
1395 6 1410 8
1574 6 1588 7
1600 6 1615 7
1658 7 1673 9
1687 7 1703 8
-1697 10 -1693 11
-1689 10 -1684 12
-1671 10 -1665 11
-1663 10 -1658 12
-1619 9 -1612 11
-1608 9 -1603 10
-1590 8 -1584 10
-1579 8 -1573 10
-1447 9 -1440 11
-1436 9 -1432 10
-1418 9 -1413 10
-1411 9 -1405 10
-1363 9 -1357 11
-1353 9 -1347 10
-1333 8 -1329 9
-1325 8 -1322 9
-945 6 -939 7
-934 6 -929 8
-916 7 -912 8
-908 7 -903 9
-858 7 -854 9
-851 7 -846 8
-835 8 -829 10
-824 8 -820 9
-691 8 -687 9
-682 8 -678 9
-663 7 -659 9
-656 7 -651 9
-609 7 -603 8
-599 7 -596 9
-580 8 -576 10
-571 8 -568 9
564 8 571 9
574 8 580 10
594 8 599 10
603 8 609 9
649 10 655 12
658 10 664 12
677 9 681 11
685 9 689 10
804 8 809 9
812 8 820 9
831 9 837 11
841 9 846 10
899 8 905 9
909 8 916 9
926 8 933 10
936 8 944 9
1282 8 1287 10
1290 8 1296 9
1311 8 1316 10
1318 8 1323 10
1365 7 1370 8
1373 7 1379 8
1395 8 1401 9
1406 8 1411 9
1575 7 1579 8
1584 7 1587 9
1600 7 1606 8
1609 7 1615 9
1657 9 1664 11
1667 9 1672 11
1688 8 1693 9
1697 8 1704 10
15
-100 0 100 10
-101 10 -33 20
32 10 101 18
-100 20 -78 23
-55 20 -34 22
31 18 56 23
77 18 100 22
-100 23 -92 33
-86 23 -77 25
-54 22 -47 27
-41 22 -34 26
30 23 40 26
47 23 56 27
76 22 85 31
93 22 100 32
15
-100 0 100 10
-101 10 -33 15
33 10 99 19
-101 15 -78 19
-56 15 -33 25
32 19 56 24
76 19 100 26
-100 19 -93 22
-85 19 -77 29
-55 25 -48 33
-42 25 -33 32
32 24 41 25
48 24 55 31
77 26 85 34
93 26 99 30
15
-100 0 100 10
-101 10 -33 16
34 10 101 18
-101 16 -78 19
-56 16 -34 25
34 18 57 21
79 18 102 23
-100 19 -93 26
-86 19 -79 24
-55 25 -48 27
-43 25 -35 32
34 21 42 28
49 21 56 31
79 23 87 24
95 23 102 27
63
-400 0 400 12
-399 12 -133 20
133 12 401 20
-398 20 -310 29
-222 20 -133 24
134 20 223 27
312 20 401 30
-399 29 -368 31
-318 29 -288 34
-223 24 -192 30
-163 24 -133 28
134 27 164 35
193 27 224 37
312 30 342 33
370 30 401 32
-399 31 -388 33
-379 31 -369 35
-319 34 -307 41
-299 34 -288 44
-224 30 -212 35
-203 30 -191 31
-163 28 -152 35
-142 28 -132 35
133 35 145 45
155 35 164 45
194 37 204 47
212 37 224 42
312 33 323 41
331 33 341 35
371 32 381 34
389 32 401 37
-398 33 -395 40
-392 33 -387 35
-380 35 -377 42
-373 35 -370 45
-320 41 -314 51
-310 41 -307 47
-300 44 -295 45
-293 44 -287 53
-223 35 -219 44
-215 35 -212 43
-202 31 -198 40
-195 31 -192 37
-163 35 -159 40
-156 35 -151 45
-142 35 -138 39
-135 35 -132 40
132 45 138 49
142 45 146 53
154 45 159 54
160 45 163 54
195 47 198 55
201 47 204 56
213 42 217 48
221 42 223 47
311 41 316 49
318 41 322 49
332 35 335 43
336 35 342 42
371 34 375 39
377 34 381 39
388 37 394 45
399 37 404 46
