31
31
-200 0 200 10
-199 10 -66 15
133 10 265 22
-199 15 -154 31
-111 15 -67 19
132 22 178 23
222 22 264 38
-200 31 -183 43
-163 31 -148 45
-110 19 -96 36
-82 19 -67 43
132 23 148 49
163 23 178 39
223 38 237 53
250 38 263 64
-200 43 -194 64
-188 43 -184 70
-162 45 -157 61
-154 45 -147 71
-111 36 -105 58
-101 36 -95 58
-83 43 -76 54
-72 43 -66 65
132 49 138 157
141 49 148 54
164 39 169 67
174 39 178 65
223 53 228 78
234 53 238 77
251 64 255 70
257 64 263 67
31
-200 0 200 10
-201 10 -66 18
67 10 199 37
-201 18 -155 31
-112 18 -65 27
67 37 112 75
155 37 200 68
-202 31 -185 58
-171 31 -156 44
-112 27 -96 63
-80 27 -65 31
67 75 83 105
98 75 113 83
154 68 171 103
185 68 200 71
-203 58 -196 74
-192 58 -184 61
-171 44 -165 55
-161 44 -156 52
-111 63 -106 64
-103 63 -97 68
-80 31 -74 63
-71 31 -66 70
67 105 73 120
76 105 83 130
99 83 104 97
108 83 113 110
155 103 160 129
164 103 172 121
186 71 191 104
194 71 200 111
127
-3000 0 3000 1
-3000 1 -999 3
1001 1 3001 2
-3001 3 -2332 6
-1667 3 -1000 6
1001 2 1668 3
2335 2 3002 4
-3000 6 -2777 9
-2555 6 -2332 9
-1668 6 -1444 9
-1222 6 -1001 9
1002 3 1224 6
1444 3 1668 4
2335 4 2558 6
2779 4 3002 5
-2999 9 -2925 12
-2851 9 -2777 11
-2554 9 -2480 12
-2408 9 -2332 11
-1669 9 -1593 10
-1519 9 -1445 11
-1221 9 -1148 11
-1076 9 -1000 11
1001 6 1077 9
1149 6 1225 7
1443 4 1519 5
1592 4 1669 7
2334 6 2410 7
2482 6 2557 7
2778 5 2854 7
2927 5 3001 7
-2999 12 -2974 15
-2951 12 -2925 14
-2852 11 -2826 12
-2801 11 -2778 14
-2553 12 -2529 13
-2506 12 -2479 13
-2407 11 -2382 14
-2358 11 -2331 14
-1668 10 -1643 11
-1618 10 -1592 12
-1519 11 -1494 12
-1470 11 -1446 14
-1221 11 -1196 14
-1173 11 -1149 13
-1075 11 -1050 13
-1025 11 -1001 12
1000 9 1027 10
1050 9 1076 11
1150 7 1175 9
1198 7 1224 10
1443 5 1469 6
1493 5 1518 8
1591 7 1618 9
1642 7 1670 10
2334 7 2360 8
2383 7 2411 10
2481 7 2508 8
2531 7 2557 10
2779 7 2804 10
2827 7 2855 10
2928 7 2952 9
2975 7 3002 9
-2999 15 -2990 16
-2984 15 -2973 18
-2951 14 -2942 16
-2935 14 -2924 16
-2853 12 -2843 15
-2836 12 -2825 13
-2802 14 -2793 17
-2786 14 -2778 16
-2552 13 -2544 14
-2538 13 -2528 15
-2506 13 -2496 15
-2487 13 -2478 14
-2408 14 -2398 17
-2392 14 -2382 17
-2357 14 -2348 17
-2340 14 -2331 16
-1667 11 -1659 14
-1652 11 -1643 12
-1617 12 -1609 15
-1602 12 -1592 15
-1519 12 -1510 14
-1503 12 -1495 13
-1469 14 -1461 15
-1454 14 -1447 15
-1222 14 -1212 16
-1206 14 -1197 17
-1174 13 -1164 16
-1157 13 -1150 16
-1075 13 -1066 16
-1058 13 -1051 16
-1024 12 -1016 14
-1010 12 -1001 13
1000 10 1010 13
1018 10 1027 11
1051 11 1059 12
1067 11 1075 14
1150 9 1159 12
1165 9 1176 11
1198 10 1207 13
1214 10 1223 12
1443 6 1452 8
1461 6 1468 8
1492 8 1502 11
1509 8 1517 11
1591 9 1601 11
1608 9 1618 11
1642 10 1652 12
1659 10 1671 11
2334 8 2343 10
2350 8 2361 10
2384 10 2393 12
2400 10 2410 13
2481 8 2491 10
2500 8 2509 9
2531 10 2540 13
2547 10 2558 13
2779 10 2788 12
2794 10 2803 13
2828 10 2837 13
2844 10 2856 11
2927 9 2937 12
2945 9 2953 12
2974 9 2985 11
2993 9 3003 10
31
-200 0 200 10
-199 10 -66 14
65 10 199 43
-200 14 -154 29
-112 14 -67 48
65 43 110 76
154 43 198 45
-201 29 -184 57
-171 29 -153 51
-112 48 -96 77
-81 48 -67 58
66 76 81 99
95 76 110 94
153 45 169 84
182 45 198 70
-202 57 -195 72
-189 57 -184 81
-172 51 -164 89
-159 51 -153 56
-111 77 -106 101
-101 77 -95 115
-81 58 -76 66
-73 58 -68 92
67 99 72 129
75 99 80 127
95 94 101 120
105 94 110 127
154 84 159 87
164 84 169 122
181 70 188 71
192 70 198 84
31
-120 0 200 10
-199 10 -66 15
133 10 265 22
-199 15 -154 31
-111 15 -67 19
132 22 178 23
222 22 264 38
-200 31 -183 43
-163 31 -148 45
-110 19 -96 36
-82 19 -67 43
132 23 148 49
163 23 178 39
223 38 237 53
250 38 263 64
-200 43 -194 64
-188 43 -184 70
-162 45 -157 61
-154 45 -147 71
-111 36 -105 58
-101 36 -95 58
-83 43 -76 354
-72 43 -66 65
132 49 138 157
141 49 148 54
164 39 169 67
174 39 178 65
223 53 228 78
234 53 238 77
251 64 255 70
257 64 263 67
31
-200 0 200 10
-199 10 -66 50
65 10 201 31
-200 50 -154 88
-111 50 -66 54
66 31 111 48
154 31 202 37
-199 88 -184 126
-169 88 -153 111
-112 54 -95 66
-82 54 -67 66
67 48 82 81
96 48 112 67
154 37 171 44
185 37 203 41
-200 126 -193 156
-188 126 -184 153
-170 111 -163 125
-159 111 -154 150
-113 66 -106 69
-102 66 -95 79
-83 66 -76 82
-73 66 -66 90
67 81 73 108
77 81 83 121
97 67 102 78
106 67 113 74
153 44 160 75
166 44 171 50
186 41 192 46
196 41 202 62
127
-3000 0 3000 10
-3000 10 -999 14
1000 10 3001 13
-3001 14 -2332 16
-1665 14 -999 18
1000 13 1668 15
2335 13 3002 17
-3002 16 -2777 19
-2555 16 -2332 19
-1664 18 -1442 20
-1221 18 -1000 19
999 15 1223 17
1444 15 1669 16
2336 17 2558 21
2778 17 3003 20
-3001 19 -2926 23
-2851 19 -2777 23
-2555 19 -2480 20
-2406 19 -2333 22
-1664 20 -1589 23
-1517 20 -1442 21
-1222 19 -1147 21
-1074 19 -999 23
998 17 1074 21
1147 17 1223 20
1444 16 1520 19
1593 16 1668 20
2335 21 2411 23
2483 21 2557 23
2777 20 2854 22
2928 20 3002 23
-3002 23 -2975 26
-2952 23 -2925 27
-2851 23 -2826 25
-2803 23 -2776 26
-2555 20 -2529 24
-2504 20 -2481 22
-2405 22 -2381 26
-2357 22 -2332 26
-1664 23 -1638 26
-1615 23 -1588 24
-1518 21 -1491 22
-1468 21 -1443 22
-1223 21 -1196 24
-1171 21 -1147 23
-1074 23 -1048 27
-1023 23 -998 26
997 21 1024 25
1049 21 1073 23
1147 20 1173 23
1198 20 1224 22
1445 19 1470 20
1495 19 1519 21
1594 20 1619 22
1644 20 1669 24
2335 23 2361 24
2386 23 2412 26
2483 23 2508 27
2532 23 2558 27
2776 22 2803 24
2829 22 2854 23
2927 23 2953 26
2977 23 3001 24
-3001 26 -2992 29
-2985 26 -2976 30
-2951 27 -2942 29
-2935 27 -2924 30
-2852 25 -2842 27
-2836 25 -2825 28
-2802 26 -2793 27
-2784 26 -2776 27
-2554 24 -2546 27
-2538 24 -2530 26
-2503 22 -2496 26
-2489 22 -2482 26
-2404 26 -2396 30
-2388 26 -2380 30
-2358 26 -2348 29
-2340 26 -2331 27
-1664 26 -1655 30
-1646 26 -1639 27
-1614 24 -1605 27
-1597 24 -1588 27
-1518 22 -1508 24
-1500 22 -1490 26
-1468 22 -1459 23
-1453 22 -1442 26
-1222 24 -1213 26
-1204 24 -1197 27
-1172 23 -1162 24
-1155 23 -1148 27
-1074 27 -1065 30
-1058 27 -1047 30
-1024 26 -1014 27
-1006 26 -998 27
996 25 1007 27
1016 25 1024 27
1049 23 1058 24
1066 23 1073 26
1148 23 1156 26
1165 23 1174 24
1198 22 1207 24
1216 22 1224 26
1444 20 1454 22
1461 20 1469 23
1494 21 1504 24
1511 21 1519 24
1593 22 1603 26
1609 22 1618 24
1643 24 1653 28
1659 24 1668 27
2336 24 2344 25
2353 24 2362 28
2386 26 2395 29
2404 26 2413 30
2484 27 2492 31
2499 27 2509 29
2532 27 2541 29
2549 27 2558 29
2775 24 2786 26
2793 24 2802 27
2830 23 2838 27
2844 23 2853 24
2927 26 2936 30
2945 26 2954 28
2977 24 2986 27
2992 24 3000 26
31
-200 0 200 10
-199 10 -66 19
67 10 201 38
-198 19 -154 55
-110 19 -67 58
68 38 112 49
156 38 201 62
-197 55 -183 82
-168 55 -155 62
-110 58 -95 82
-83 58 -67 88
67 49 83 80
96 49 111 56
155 62 172 91
186 62 202 93
-198 82 -192 87
-188 82 -184 96
-169 62 -163 75
-161 62 -156 66
-109 82 -104 86
-99 82 -94 89
-82 88 -77 95
-72 88 -67 91
67 80 73 85
76 80 82 115
97 56 102 93
106 56 112 87
154 91 161 126
165 91 173 114
185 93 192 96
197 93 203 94
31
-200 0 200 10
-199 10 -66 15
133 10 265 22
-199 15 -154 31
-111 15 -67 19
132 22 178 23
222 22 264 38
-200 31 -183 43
-163 31 -148 45
-110 19 -96 36
-82 19 -67 43
132 23 148 49
163 23 178 39
223 38 237 53
250 38 263 64
-200 43 -194 64
-188 43 -184 70
-162 45 -157 61
-154 45 -147 71
-111 36 -105 58
-101 36 -95 58
-83 43 -76 54
-72 43 -66 65
132 49 138 57
141 49 148 54
164 39 169 67
174 39 178 65
223 53 228 78
234 53 238 77
251 64 255 70
257 64 263 67
63
-1000 0 1000 10
-1001 10 -333 19
333 10 1001 34
-1001 19 -778 36
-556 19 -332 46
333 34 556 42
779 34 1000 56
-1002 36 -926 46
-853 36 -777 50
-557 46 -481 66
-407 46 -333 54
334 42 408 47
481 42 555 45
778 56 853 85
925 56 1001 81
-1003 46 -976 62
-952 46 -926 56
-853 50 -827 74
-802 50 -776 52
-557 66 -531 68
-508 66 -480 76
-407 54 -382 67
-357 54 -332 63
335 47 359 53
382 47 409 56
482 45 506 72
530 45 554 51
778 85 804 94
829 85 852 105
925 81 951 85
975 81 1000 87
-1002 62 -993 90
-984 62 -975 90
-952 56 -943 79
-934 56 -927 82
-853 74 -844 96
-836 74 -828 104
-803 52 -793 64
-784 52 -776 81
-556 68 -548 89
-540 68 -530 79
-509 76 -498 98
-490 76 -479 92
-408 67 -398 68
-392 67 -383 87
-357 63 -348 77
-340 63 -331 64
336 53 344 65
351 53 358 81
383 56 392 84
400 56 409 82
481 72 491 96
498 72 507 93
531 51 539 64
545 51 554 61
778 94 787 98
796 94 803 111
829 105 837 131
843 105 851 119
926 85 934 113
943 85 950 115
974 87 984 97
991 87 1001 91
31
-1000 0 1000 10
-1001 10 -333 15
333 10 999 29
-1002 15 -778 23
-556 15 -332 46
333 29 556 56
778 29 998 39
-1003 23 -927 25
-854 23 -779 31
-557 46 -481 84
-408 46 -333 59
332 56 408 58
481 56 555 57
777 39 852 63
924 39 999 67
-1002 25 -977 51
-954 25 -927 34
-855 31 -828 48
-805 31 -778 39
-558 84 -531 96
-506 84 -480 91
-407 59 -382 68
-359 59 -333 63
331 58 358 82
381 58 409 65
480 57 506 68
529 57 554 83
778 63 803 101
827 63 853 93
923 67 950 101
973 67 998 90
31
-200 0 200 10
-201 10 -66 16
67 10 199 29
-200 16 -155 24
-111 16 -67 22
67 29 112 65
156 29 200 32
-199 24 -184 38
-169 24 -155 53
-111 22 -96 45
-83 22 -68 53
66 65 83 90
97 65 112 73
156 32 171 67
186 32 201 33
-199 38 -193 75
-189 38 -184 57
-169 53 -164 57
-160 53 -155 81
-111 45 -105 78
-100 45 -96 77
-82 53 -77 69
-72 53 -68 83
66 90 72 98
78 90 82 100
98 73 103 99
107 73 111 74
157 67 162 88
165 67 170 73
187 33 192 60
195 33 202 52
31
-120 0 200 10
-199 10 -66 15
133 10 265 22
-199 15 -154 31
-111 15 -67 19
132 22 178 23
222 22 264 38
-200 31 -183 43
-163 31 -148 45
-110 19 -96 36
-82 19 -67 43
132 23 148 49
163 23 178 39
223 38 237 53
250 38 263 64
-200 43 -194 64
-188 43 -184 70
-162 45 -157 61
-154 45 -147 71
-111 36 -105 58
-101 36 -95 58
-83 43 -76 54
-72 43 -66 65
132 49 138 157
141 49 148 54
164 39 169 67
174 39 178 65
223 53 228 78
234 53 238 77
251 64 255 70
257 64 263 67
255
-5000 0 5000 1
-5001 1 -1666 2
1665 1 5001 2
-5000 2 -3889 4
-2779 2 -1667 4
1665 2 2778 3
3888 2 5002 3
-5000 4 -4629 5
-4259 4 -3890 5
-2780 4 -2408 5
-2038 4 -1668 5
1664 3 2037 5
2407 3 2779 4
3887 3 4260 4
4629 3 5003 4
-5000 5 -4876 6
-4754 5 -4629 6
-4258 5 -4135 6
-4013 5 -3891 6
-2780 5 -2655 7
-2531 5 -2407 6
-2037 5 -1914 7
-1792 5 -1669 7
1665 5 1789 6
1911 5 2036 6
2406 4 2532 5
2654 4 2780 5
3886 4 4012 5
4134 4 4261 6
4628 4 4754 6
4877 4 5002 5
-5000 6 -4958 8
-4918 6 -4876 8
-4754 6 -4712 7
-4670 6 -4628 7
-4257 6 -4216 8
-4176 6 -4134 8
-4013 6 -3972 8
-3931 6 -3891 7
-2781 7 -2738 9
-2698 7 -2654 9
-2530 6 -2489 8
-2448 6 -2408 8
-2038 7 -1995 8
-1954 7 -1913 9
-1791 7 -1750 8
-1711 7 -1669 9
1665 6 1707 7
1747 6 1790 7
1910 6 1953 7
1993 6 2037 8
2406 5 2449 7
2489 5 2533 7
2654 5 2697 6
2737 5 2779 7
3885 5 3929 7
3971 5 4013 7
4133 6 4177 8
4218 6 4261 8
4628 6 4671 7
4712 6 4754 7
4878 5 4919 7
4961 5 5001 7
-5001 8 -4985 10
-4972 8 -4957 9
-4917 8 -4903 9
-4889 8 -4876 9
-4754 7 -4739 8
-4727 7 -4711 8
-4670 7 -4655 8
-4641 7 -4629 8
-4256 8 -4243 9
-4231 8 -4217 9
-4177 8 -4161 10
-4148 8 -4133 10
-4013 8 -3999 10
-3986 8 -3972 10
-3932 7 -3917 8
-3906 7 -3891 9
-2781 9 -2766 11
-2752 9 -2738 10
-2697 9 -2683 10
-2670 9 -2655 11
-2530 8 -2516 10
-2504 8 -2490 10
-2449 8 -2434 9
-2422 8 -2409 10
-2037 8 -2023 10
-2009 8 -1994 10
-1953 9 -1940 11
-1926 9 -1913 10
-1791 8 -1777 9
-1764 8 -1750 10
-1710 9 -1696 10
-1684 9 -1670 11
1666 7 1680 9
1692 7 1707 8
1746 7 1762 9
1774 7 1791 9
1910 7 1925 8
1939 7 1953 8
1994 8 2008 10
2022 8 2037 9
2407 7 2421 8
2433 7 2449 9
2488 7 2504 8
2518 7 2534 8
2653 6 2669 7
2682 6 2696 7
2738 7 2752 8
2764 7 2778 9
3884 7 3900 8
3914 7 3930 8
3971 7 3986 9
3998 7 4012 9
4133 8 4148 9
4163 8 4176 9
4217 8 4233 10
4246 8 4260 9
4628 7 4643 8
4655 7 4670 9
4711 7 4727 9
4739 7 4753 8
4879 7 4892 8
4904 7 4920 9
4962 7 4975 9
4987 7 5002 8
-5002 10 -4995 11
-4990 10 -4984 11
-4971 9 -4966 11
-4963 9 -4957 11
-4917 9 -4912 10
-4907 9 -4904 11
-4888 9 -4884 11
-4882 9 -4877 11
-4754 8 -4748 9
-4743 8 -4739 9
-4727 8 -4721 9
-4718 8 -4712 10
-4669 8 -4664 10
-4661 8 -4654 9
-4641 8 -4636 9
-4633 8 -4629 10
-4257 9 -4251 10
-4249 9 -4243 10
-4231 9 -4226 10
-4222 9 -4217 11
-4176 10 -4171 11
-4167 10 -4162 11
-4148 10 -4142 11
-4137 10 -4133 12
-4014 10 -4008 11
-4005 10 -3999 12
-3987 10 -3981 12
-3978 10 -3973 11
-3931 8 -3926 10
-3921 8 -3916 10
-3905 9 -3900 11
-3897 9 -3890 11
-2780 11 -2775 12
-2772 11 -2766 12
-2751 10 -2747 11
-2744 10 -2738 12
-2697 10 -2692 12
-2689 10 -2684 11
-2669 11 -2664 13
-2660 11 -2654 13
-2531 10 -2525 11
-2521 10 -2516 11
-2503 10 -2499 11
-2495 10 -2491 12
-2448 9 -2443 11
-2440 9 -2433 11
-2421 10 -2417 11
-2413 10 -2410 12
-2038 10 -2032 12
-2027 10 -2024 12
-2009 10 -2003 12
-1998 10 -1993 12
-1954 11 -1948 13
-1944 11 -1940 13
-1925 10 -1921 11
-1918 10 -1913 11
-1790 9 -1786 10
-1783 9 -1778 10
-1763 10 -1759 11
-1755 10 -1749 12
-1711 10 -1705 12
-1702 10 -1695 12
-1684 11 -1679 13
-1676 11 -1671 13
1666 9 1671 10
1674 9 1681 10
1693 8 1698 10
1703 8 1708 10
1747 9 1752 10
1755 9 1763 11
1774 9 1780 10
1786 9 1790 11
1909 8 1916 10
1920 8 1924 10
1939 8 1944 10
1947 8 1952 9
1993 10 1999 11
2003 10 2007 11
2021 9 2028 10
2032 9 2036 11
2407 8 2412 9
2417 8 2420 9
2432 9 2439 11
2442 9 2449 11
2487 8 2494 10
2497 8 2505 10
2518 8 2524 10
2528 8 2533 10
2653 7 2659 9
2663 7 2669 9
2682 7 2687 9
2690 7 2695 8
2737 8 2743 10
2747 8 2751 10
2764 9 2769 11
2774 9 2779 10
3883 8 3890 9
3893 8 3901 9
3913 8 3920 9
3925 8 3931 9
3970 9 3977 11
3981 9 3986 10
3999 9 4003 10
4006 9 4012 11
4134 9 4139 11
4143 9 4148 11
4164 9 4168 11
4170 9 4175 11
4216 10 4223 11
4228 10 4232 11
4246 9 4251 11
4256 9 4261 10
4628 8 4634 10
4637 8 4643 9
4655 9 4661 11
4666 9 4670 11
4710 9 4717 11
4722 9 4728 10
4738 8 4744 9
4747 8 4753 10
4880 8 4884 9
4888 8 4893 10
4903 9 4910 10
4914 9 4921 11
4962 9 4967 11
4969 9 4975 11
4986 8 4993 10
4998 8 5002 9
31
-200 0 200 10
-199 10 -66 30
65 10 199 47
-199 30 -154 48
-111 30 -66 44
66 47 110 61
155 47 198 82
-200 48 -183 84
-168 48 -153 60
-110 44 -95 63
-81 44 -66 63
65 61 81 81
96 61 109 74
154 82 170 110
182 82 199 107
-200 84 -194 93
-188 84 -183 108
-168 60 -162 73
-158 60 -153 88
-109 63 -104 81
-101 63 -96 71
-82 63 -75 75
-70 63 -67 85
66 81 71 108
75 81 82 95
96 74 101 89
103 74 108 108
155 110 160 118
163 110 170 126
182 107 188 129
194 107 199 142
15
-5 0 8 1
-8 1 -1 2
5 1 12 2
-8 2 -5 3
-4 2 -1 3
5 2 8 3
9 2 12 3
-8 3 -7 4
-6 3 -5 4
-4 3 -3 4
-2 3 -1 4
5 3 6 4
7 3 8 4
9 3 10 4
11 3 12 4
15
-5 0 8 1
-8 1 -1 2
0 1 12 2
-8 2 -5 3
-4 2 -1 3
5 2 8 3
9 2 12 3
-8 3 -7 4
-6 3 -5 4
-4 3 -3 4
-2 3 -1 4
5 3 6 4
7 3 8 4
9 3 10 4
11 3 12 4
15
-5 0 8 1
-8 1 -1 2
5 1 12 2
-8 2 -5 3
-4 2 -1 3
5 2 8 3
9 2 12 3
-8 3 -7 4
-6 3 -5 4
-4 3 -3 4
-2 3 -1 4
5 3 6 4
7 3 8 50
9 3 10 4
11 3 12 4
15
-5 0 8 1
-8 1 -1 2
5 1 12 2
-8 2 -5 3
-4 2 -1 3
3 2 8 3
9 2 12 3
-8 3 -7 4
-6 3 -5 4
-4 3 -3 4
-2 3 -1 4
5 3 6 4
7 3 8 4
9 3 10 4
11 3 12 4
15
-5 0 8 1
-8 1 -1 2
5 1 12 2
-8 2 -5 3
-4 2 -1 3
2 2 8 3
9 2 12 3
-8 3 -7 4
-6 3 -5 4
-4 3 -3 4
-2 3 -1 4
5 3 6 4
7 3 8 4
9 3 10 4
11 3 12 4
15
-5 0 8 1
-8 1 -1 2
5 1 12 2
-8 2 -5 3
-4 2 -1 3
2 2 8 3
9 2 12 4
-8 3 -7 4
-6 3 -5 4
-4 3 -3 4
-2 3 -1 4
5 3 6 4
7 3 8 4
9 4 10 5
11 4 12 5
15
-5 0 8 1
-8 1 -1 2
5 1 12 2
-8 2 -5 3
-4 2 -1 3
2 2 8 3
9 2 12 4
-8 3 -7 4
-6 3 -5 4
-4 3 -3 4
-2 3 -1 4
4 3 6 5
7 3 8 4
9 4 10 5
11 4 12 5
15
-5 0 8 1
-8 1 -1 2
5 1 12 2
-8 2 -5 3
-4 2 -1 3
2 2 8 3
9 2 12 4
-8 3 -7 4
-6 3 -5 40
-4 3 -3 4
-2 3 -1 4
4 3 6 5
7 3 8 4
9 4 10 5
11 4 12 5
15
-5 0 8 1
-8 1 -1 2
5 1 12 2
-8 2 -5 3
-4 2 -1 3
2 2 8 3
9 2 12 4
-8 3 -7 4
-6 3 -5 40
-4 3 -3 10
-2 3 -1 4
4 3 6 5
7 3 8 4
9 4 10 5
11 4 12 5
15
-5 0 8 1
-8 1 -1 2
5 1 12 2
-8 2 -5 3
-4 2 -1 3
2 2 8 3
9 2 12 4
-8 3 -7 4
-6 3 -5 40
-4 3 -3 11
-2 3 -1 4
4 3 6 5
7 3 8 4
9 4 10 5
11 4 12 5
15
-5 0 8 1
-8 1 -1 2
5 1 12 2
-8 2 -5 3
-4 2 -1 3
5 2 8 5
9 2 12 4
-8 3 -7 4
-6 3 -5 4
-4 3 -3 4
-2 3 -1 4
5 5 6 6
7 5 8 6
9 4 10 5
11 4 12 5
15
-5 0 8 1
-8 1 -1 2
5 1 12 2
-8 2 -5 3
-4 2 -1 3
5 2 8 5
9 2 12 4
-8 3 -7 4
-6 3 -5 4
-4 3 -3 4
-2 3 -1 4
5 5 6 8
7 5 8 6
9 4 10 5
11 4 12 5
15
-5 0 8 1
-8 1 -1 2
5 1 12 2
-8 2 -5 3
-4 2 -1 3
5 2 8 5
9 2 12 4
-8 3 -7 4
-6 3 -5 4
-4 3 -3 4
-2 3 -1 4
5 5 6 10
7 5 8 6
9 4 10 5
11 4 12 5
1
-1000 0 1000 20
7
12 0 18 1
4 1 13 2
15 1 18 2
4 2 7 5
12 2 13 181
15 2 16 3
17 2 18 3
7
12 0 18 1
4 1 13 2
15 1 18 2
4 2 7 5
12 2 13 183
15 2 16 3
17 2 18 3
