100
774477391256 134894289434
894554677611 544607866441
613261157670 681871078848
699870375987 387926213532
740314345738 716195476080
57035408211 359023361952
374395242840 172681473270
260280340437 994348973986
115088694238 709500844043
787803076454 849145548416
314186779073 260617585894
775337948412 900053857530
300646715085 651977420926
821114750572 612263838482
300879696583 592380939898
556604140105 405005100048
87703203111 742914895341
167202563204 139742189032
820765331856 704161519243
742973740117 29525148181
413883183857 697091443236
502118598785 438136314499
605081191469 658268853972
908847236182 888568540465
441623472353 865518348571
902691149136 671655711835
486317785242 572341047501
339953315864 716684101593
749882671104 587091327109
24884371398 232979535142
809223856382 331314992033
263452108151 126797153930
88116139318 527808841068
759103747932 996690187022
461806822101 176227166169
385252907371 356443421332
759871417498 135162397379
624080612628 31610765165
537385389433 848000559125
520586527483 96498975735
333237542142 623167676220
441977873820 930003406577
180983200692 347591669607
255992430668 457758567034
640019211608 930696175983
263239158351 941770240894
209217632371 512954749814
952711942 721759073052
950951928756 806256749405
433992215680 454780480419
448694546102 473840417664
631276966459 562715980444
278330275852 353848292401
248990094212 155903858088
177147887515 413230840123
870173899480 225581794594
539502191247 463258968954
741263468392 975411360149
651575253948 146089462863
548059403126 160666652251
997880675172 254310773482
671544576783 201150635390
960621599271 45755895599
968177808856 428358453500
788105173224 797452153864
83690615399 385881163292
539240973052 316777532214
281558450827 863278208588
249157585421 529828994887
525607272003 334855907066
358691243670 233718736502
242630024176 293960228020
225044112419 594017213921
16404206801 855282079938
186697882475 558054108309
452751446710 69524860048
158688226468 900879794969
262649801377 24344350817
548553781501 388437026714
719947126756 597813853121
440277360544 700538616525
978886284982 28899431662
685482962682 788104830955
624493607259 81573787593
619203698852 100977580505
435821934609 336557065691
536659829876 213902086879
644361270118 930171554303
998680859080 637642069572
904496758428 507335860373
763207313342 851454378926
284173165109 338548035511
346499209475 265659038041
617866089005 975055163044
406232585814 342626873818
791390158061 662981982024
977620988445 265946162522
102062221191 900233963034
126562317002 211302250467
815598034145 387965206473
