100
153432666170 236220568902
482850284898 614931778853
64004154793 825145465469
794884540629 365620542418
731422885799 318145999586
595441346519 261337593093
846866060113 306366435191
628709411720 781742470959
310389999645 809236760339
126526026895 260436731553
850660142231 695519221902
91782665916 855340023926
182852645512 251494976237
64718737778 316770581671
896221662638 732910367683
546211173539 130155611963
888392093437 426985580553
383465483246 456123481414
435729618972 79081702809
36520060725 140659137997
64339533602 146882784209
116308429293 117799984126
44465950391 965368436000
873206038787 343452099516
899462086880 665390771524
591644963387 586299270732
713505619091 708933479590
556549669585 944664824420
4300523351 565475307186
385943961057 877306820271
625143649763 152904590215
452791679445 336109615816
767609742115 810006208398
185707488116 5042454164
41276279514 40463263512
721864989317 67585689722
118167629680 186071461492
1510648059 301797684609
764455024264 555369870053
460558743374 932221620528
379028723625 978375301453
775031314168 800705677594
345521600503 827066084087
943025534113 700828591422
348085225773 137567843816
951051869201 156422313788
551124289912 742797226780
98601243504 431702120582
853203884599 813931960738
370374084647 917994119891
892874053398 402538728728
735415568973 946451880189
377119828474 211869400267
566555091332 842714234723
20879795741 254263941496
702265189025 691489651229
795551580242 60591626369
477488670342 441472180505
831205141864 499359704999
439538488014 848247134326
66592944154 666193584986
222001417815 70830793410
710352558943 251976705815
571285627169 110488699017
56473752152 805308690924
951023096682 221495899313
46975128374 68846912760
460540738170 988663303446
864475342488 225397393623
73265434681 77259193140
311609431193 635547364195
340937010813 266535136735
924655578012 972347814359
303941479435 651427211888
66919185235 572518394162
872388942930 515826628705
475382017697 749937461115
674758966447 816097058250
915883962341 862978880808
340355155370 779501763081
326945377103 536542613852
807545218506 396448560819
676426439520 883599220959
332802915361 969940491579
219747493741 693393089451
181441258627 246643502798
765980865606 904665596229
670869268528 187415653314
702857997055 423064662798
145160260701 648718988731
236892650488 481564679215
846496603819 981184843341
595946236682 943445936914
361725751095 950053786912
7098767864 17292368297
812425328759 878990009433
427944026506 109058496463
566725710428 252649923808
436045082838 756554328167
813053772571 646020797289
