100
204758600867 589067784072
658748210019 498433306107
73980909287 947000753564
443117765862 287454459982
637500082391 886633393622
283585718711 377741451381
669654606512 165904730266
474081213912 480446858341
147753966418 88348309612
676688761709 344561558919
61495901614 678781518949
899812779992 18572979362
190886868936 843888453207
609474574488 968803660589
719543117590 71156738357
896598753264 596640490351
868798888951 904911642407
66487143853 139787034595
571979026794 855841257537
499849735675 513399913030
225855582225 22162918497
374500051293 271277709267
111575805800 841804466405
939964605735 797683494839
319423570901 937237459189
686684794291 699750593850
604155735619 56690077736
964585520898 244664221094
522523521318 748112320729
219699099893 363679890721
456570796052 165623244575
545115086949 545460346088
228755275757 546290905586
138247600699 528571052371
677581899894 251583374620
690400849635 141601517361
635586072616 858956219942
70560413004 862472109730
551619490844 232158874161
783390189826 597759000880
750481632828 839652716019
311317158752 363986412946
554722089878 277889534366
575051356321 517372693714
313804258315 879134988749
149458671627 8915076909
931023264822 829590566566
786428355475 993042157402
177110290166 387304413723
316617762841 177194859911
60690944628 472710257396
334196963752 995679757193
919167467305 663377529227
833923980366 868266128836
465537895562 204499030926
455247527545 616693216431
142063602695 324939573944
702196951450 84310864027
3684226360 584500715016
828413840707 595395564636
309971803061 37311539802
73840162075 580871364640
599100974400 536078116290
169615923607 719734925784
959205153573 105227549977
659923496594 785005857182
341029200034 109443978309
678665343649 238708033250
286517558442 198439074247
980656003906 516146258419
862668886318 187187144067
717040678878 500361183988
970642535608 216357896287
617420744798 316546825004
129026972970 448272879817
85860065218 35783236319
190693620250 47868253911
664866049303 187500849728
760798875498 202274243687
368781058797 670785842373
889449763331 898146700633
956986548024 276718476679
590598209895 299452041261
243521265866 561649560960
469341238050 278960684022
231702205578 511106368408
517094259561 791026879647
775294507667 545430542515
42636656044 291927819501
125626575035 659437898056
673079529125 272119604091
506263419535 100374653172
595119590394 714149118259
21850606278 35983498990
521819504002 617265366607
172519749367 666530655908
387967857517 502865336257
967971901125 31416086517
812812624611 231167051216
182707122348 480329677292
