100
24440013522 249901883148
663063095522 503750105123
201195787806 86357943148
267742731970 234191355369
336403358335 337883353097
284006238125 439630806772
147253651462 355612109884
726709069919 6910721762
917323324882 743457447963
818521542092 286185497407
450223105808 89601226904
830156577698 548980817633
183303695741 306535519815
563244043326 643019639893
850391467388 474247562985
544019405620 22401399923
666730096196 238964981540
717411278803 192222775462
732629882311 154045669375
249030710907 309074407203
570575626935 47066825683
251522771680 890361002341
545594104371 643502125355
136919000509 379008555814
975840313303 584625106609
703752061568 20381345144
882207500908 687998885941
327859747922 447003264205
977819529040 582747358463
472318998761 131031162606
11817999968 539203407406
758456317223 181632793675
620200561614 929664110149
408196384508 564254649673
817794262848 245075390780
455962994717 102316962907
259124654643 236761172317
683928798364 849050701493
488590481815 847917911512
714348409105 144261178286
913285005602 443194240287
573091219005 326056446534
627827373974 450741864041
968114671414 725184860855
744741287467 556814442935
191599782063 455624040280
150522203001 767692842646
401300984461 346098061535
691332166255 229257466327
995576104908 643690757493
499896737953 225418307857
459542229229 225700205647
788472474493 732294763163
588782947376 285079697130
673169237589 945857385960
573088031923 19136632574
377563745668 610013816783
640448193458 900913469738
201423576444 175912572397
975421670668 880868387609
205481303391 206467754282
411764422784 267364108089
275313642496 423328708590
290647045761 326502376638
463665778 39677659691
640225292308 397788684964
362347270293 239270721621
559872308937 375114184192
423011017761 265604409256
600678316669 727409625125
137417052016 100408429852
178826958086 209885279844
757097171803 595627838177
622954041480 566683027827
172885333163 103617523979
456671242885 604190165468
298894787503 404743395552
934270747076 482706498388
569191280024 327858633936
432813007126 71348263683
196710770553 617352833465
188046637505 639002503097
599540628060 780912756353
316825727435 740202800954
828277230169 846703230740
302660334888 174131234679
974440819676 934946426283
703202768312 173334986090
632919012902 532652172160
558423181800 25998622898
819280280723 82558397031
199402784164 337213248254
249275678953 338797097210
260356764108 275883443519
737106420815 305205098071
751931199737 289566137104
479667117913 288990228480
611385701819 750820373615
579605795677 14731078373
627117637030 690805164751
