15
29
0 10 1 13
-3 13 6 14
-3 14 -2 18
10 10 11 13
8 13 14 14
8 14 9 15
-2 9 12 10
4 0 5 9
20 0 40 3
21 3 39 4
23 4 35 5
26 5 30 10
20 10 36 12
25 12 31 20
-10 20 33 21
25 21 26 54
27 21 28 23
31 21 34 48
-18 0 -14 23
-30 23 -2 30
-32 30 -4 31
-36 31 -20 33
-18 31 -17 33
-16 31 -15 33
-14 31 -13 33
-12 31 -8 34
-7 31 -6 35
-10 35 -3 38
-34 33 -31 35
29
0 10 1 13
-3 13 6 14
-3 14 -2 18
10 10 11 13
8 13 14 14
8 14 9 15
-2 9 12 10
4 0 5 9
20 0 40 3
21 3 39 4
23 4 35 5
26 5 30 10
20 10 36 12
25 12 31 20
-10 20 33 21
25 21 26 54
27 21 28 23
31 21 34 48
-18 0 -14 23
-30 23 -2 30
-32 30 -4 31
-36 31 -20 33
-18 31 -17 33
-16 31 -15 33
-14 31 -13 33
-12 31 -8 34
-7 31 -6 35
-10 35 -3 38
-34 33 -31 35
29
0 10 1 13
-3 13 6 14
-3 14 -2 18
10 10 11 13
8 13 14 14
8 14 9 15
-2 9 12 10
4 0 5 9
20 0 40 3
21 3 39 4
23 4 35 5
26 5 30 10
20 10 36 12
25 12 31 20
-10 20 33 21
25 21 26 54
27 21 28 23
31 21 34 48
-18 0 -14 23
-30 23 -2 30
-32 30 -4 31
-36 31 -20 33
-18 31 -17 33
-16 31 -15 33
-14 31 -13 33
-12 31 -8 34
-7 31 -6 35
-10 35 -3 38
-40 33 -34 40
29
-3 13 6 14
-3 14 -2 18
10 10 11 13
8 13 14 14
8 14 9 15
-2 9 12 10
4 0 5 9
0 10 1 13
20 0 40 3
21 3 39 4
23 4 35 5
26 5 30 10
20 10 41 12
25 12 31 20
-10 20 33 21
25 21 26 54
27 21 28 23
31 21 34 48
-18 0 -14 23
-30 23 -2 30
-32 30 -4 31
-36 31 -20 33
-18 31 -17 33
-16 31 -15 33
-14 31 -13 33
-12 31 -8 34
-7 31 -6 35
-10 35 -3 38
-34 33 -31 35
29
0 10 1 13
-3 13 6 14
-3 14 -2 18
10 10 11 13
8 13 14 14
8 14 9 15
-2 9 12 10
4 0 5 9
20 0 40 3
21 3 39 4
23 4 35 5
26 5 30 10
20 10 36 12
25 12 31 20
-10 20 33 21
25 21 26 54
27 21 28 23
31 21 34 48
-18 0 -14 23
-30 23 -2 30
-32 30 -4 31
-36 31 -20 33
-35 33 -33 60
-18 31 -17 33
-16 31 -15 33
-14 31 -13 33
-12 31 -8 34
-7 31 -6 35
-10 35 -3 58
29
0 10 1 13
-3 13 6 14
-3 14 -2 18
10 10 11 13
8 13 14 14
8 14 9 15
-2 9 12 10
4 0 5 9
20 0 40 3
21 3 39 4
26 5 30 10
20 10 56 12
25 12 31 20
23 4 35 5
-10 20 33 21
25 21 26 54
27 21 28 23
31 21 34 48
-18 0 -14 23
-30 23 -2 30
-32 30 -4 31
-36 31 -20 33
-18 31 -17 33
-16 31 -15 33
-14 31 -13 33
-12 31 -8 34
-7 31 -6 35
-10 35 -3 38
-34 33 -31 35
29
0 10 1 13
-3 13 6 14
-3 14 -2 18
8 13 14 14
8 14 9 15
10 10 11 13
-2 9 12 10
4 0 5 9
20 0 40 3
21 3 39 4
23 4 35 5
26 5 30 10
20 10 55 12
25 12 31 20
-10 20 33 21
25 21 26 54
27 21 28 23
31 21 34 48
-18 0 -14 23
-30 23 -2 30
-32 30 -4 31
-36 31 -20 33
-18 31 -17 33
-16 31 -15 33
-14 31 -13 33
-12 31 -8 34
-7 31 -6 35
-10 35 -3 38
-34 33 -31 35
29
0 10 1 13
-3 13 6 14
-3 14 -2 18
10 10 11 13
8 13 14 14
8 14 9 15
-2 9 12 10
20 0 40 3
21 3 39 4
23 4 35 5
4 0 5 9
26 5 30 10
20 10 53 12
25 12 31 20
-10 20 33 21
25 21 26 54
27 21 28 23
31 21 34 48
-18 0 -14 23
-30 23 -2 30
-32 30 -4 31
-36 31 -20 33
-18 31 -17 33
-16 31 -15 33
-14 31 -13 33
-12 31 -8 34
-7 31 -6 35
-10 35 -3 38
-34 33 -31 35
29
0 10 1 13
-3 13 6 14
-3 14 -2 18
10 10 11 13
8 13 14 14
8 14 9 15
-2 9 12 10
4 0 5 9
20 0 40 3
21 3 39 4
23 4 35 5
26 5 30 10
20 10 52 12
25 12 31 20
-10 20 33 21
25 21 26 54
27 21 28 23
31 21 34 48
-18 0 -14 23
-30 23 -2 30
-32 30 -4 31
-36 31 -20 33
-18 31 -17 33
-16 31 -15 33
-14 31 -13 33
-12 31 -8 34
-7 31 -6 35
-10 35 -3 38
-34 33 -31 35
29
0 10 1 13
-3 13 6 14
-3 14 -2 18
10 10 11 13
8 13 14 14
8 14 9 15
-2 9 12 10
4 0 5 9
20 0 40 3
21 3 39 4
23 4 35 5
26 5 30 10
20 10 51 12
25 12 31 20
-10 20 33 21
25 21 26 54
27 21 28 23
31 21 34 48
-18 0 -14 23
-30 23 -2 30
-36 31 -20 33
-18 31 -17 33
-16 31 -15 33
-32 30 -4 31
-14 31 -13 33
-12 31 -8 34
-7 31 -6 35
-10 35 -3 38
-34 33 -31 35
29
0 10 1 13
-3 13 6 14
-3 14 -2 18
10 10 11 13
8 13 14 14
8 14 9 15
-2 9 12 10
4 0 5 9
20 0 40 3
21 3 39 4
23 4 35 5
26 5 30 10
20 10 49 12
25 12 31 20
-10 20 33 21
25 21 26 54
27 21 28 23
31 21 34 48
-18 0 -14 23
-30 23 -2 30
-32 30 -4 31
-36 31 -20 33
-16 31 -15 33
-18 31 -17 33
-14 31 -13 33
-12 31 -8 34
-7 31 -6 35
-10 35 -3 38
-34 33 -31 35
29
0 10 1 13
-3 13 6 14
-3 14 -2 18
10 10 11 13
8 13 14 14
8 14 9 15
-2 9 12 10
4 0 5 9
20 0 40 3
21 3 39 4
23 4 35 5
-10 20 33 21
26 5 30 10
20 10 36 12
25 12 31 20
25 21 26 54
27 21 28 23
31 21 34 48
-18 0 -14 23
-30 23 -2 30
-32 30 -4 31
-36 31 -20 33
-18 31 -17 33
-16 31 -15 33
-14 31 -13 33
-12 31 -8 34
-7 31 -6 35
-10 35 -3 58
-37 33 -34 60
29
0 10 1 13
-3 13 6 14
-3 14 -2 18
10 10 11 13
8 13 14 14
8 14 9 15
-2 9 12 10
4 0 5 9
20 0 40 3
21 3 39 4
23 4 35 5
26 5 30 10
20 10 46 12
25 12 31 20
-10 20 33 21
25 21 26 54
27 21 28 23
31 21 34 48
-18 0 -14 23
-32 30 -4 31
-36 31 -20 33
-30 23 -2 30
-18 31 -17 33
-16 31 -15 33
-14 31 -13 33
-12 31 -8 34
-7 31 -6 35
-10 35 -3 38
-34 33 -31 35
29
0 10 1 13
-3 13 6 14
-3 14 -2 18
10 10 11 13
8 13 14 14
8 14 9 15
-2 9 12 10
4 0 5 9
20 0 40 3
21 3 39 4
23 4 35 5
26 5 30 10
20 10 36 12
25 12 31 20
-10 20 33 21
25 21 26 54
27 21 28 23
31 21 34 48
-18 0 -14 23
-30 23 -2 30
-32 30 -4 31
-36 31 -20 33
-7 31 -6 35
-18 31 -17 33
-16 31 -15 33
-14 31 -13 33
-12 31 -8 34
-10 35 -3 38
-35 33 -33 60
29
0 10 1 13
-3 13 6 14
-3 14 -2 18
10 10 11 13
8 13 14 14
8 14 9 15
-2 9 12 10
4 0 5 9
20 0 40 3
21 3 39 4
23 4 35 5
26 5 30 10
20 10 66 12
25 12 31 20
-10 20 33 21
25 21 26 54
27 21 28 23
31 21 34 48
-18 0 -14 23
-30 23 -2 30
-32 30 -4 31
-36 31 -20 33
-18 31 -17 33
-16 31 -15 33
-14 31 -13 33
-12 31 -8 34
-7 31 -6 35
-10 35 -3 38
-34 33 -31 35
