7626459
7529156
7529228
7237176
7340110
7351841
7724385
6973499
7443706
6828660
7540854
6954798
7363363
7321201
7736038
7412879
7440383
7850523
7033158
7803089
6843430
7583469
7677298
7382328
7332625
7443860
7560284
7317321
7575708
7810977
7248703
7082028
7321100
6992196
7210548
7363098
7014405
7413512
7482727
7645982
7451670
7279208
7313634
7878345
7642027
7225886
7509669
7290531
7870372
7237168
8022072
7191630
7405418
7344092
6902872
7677312
7119635
7533070
7455505
7164878
7634092
7673360
7347909
7347697
7649945
7340363
7424745
7007196
7985926
7374577
7417173
7305917
7842631
7142211
7340117
7324743
7556198
7447632
7343942
7564206
7974039
7556320
7202790
7184099
7082052
7161276
7351766
7494422
7336592
7397684
7455615
7202924
7463097
7351457
8069969
7471101
7244775
7822945
7290391
7275212

