1243832033
1243586019
1257886207
1236908790
1246630132
1260795005
1254079319
1243983361
1248771961
1238651122
1249875989
1252873579
1252527370
1274037246
1249227978
1254728584
1239500246
1254427320
1258436791
1243084738
1249227045
1245228559
1254681021
1256232546
1242689030
1248227717
1240244213
1231794679
1250123878
1241790436
1247278817
1256082248
1236016937
1238254446
1252727431
1256629887
1241839547
1244582326
1258790019
1242237989
1259842930
1254380495
1252529221
1261147449
1252928346
1236266548
1235471404
1249176878
1248076686
1237804539
1241140393
1253827484
1252472044
1244531066
1259190473
1263009513
1266728196
1251024592
1263803942
1254980132
1247225195
1261450599
1254477795
1246476358
1254230124
1243534766
1248972423
1257984712
1251827593
1249725613
1239452006
1242484477
1250725353
1259440688
1250025871
1252275387
1258690065
1245480717
1248972497
1257888240
1243881168
1244432294
1255229776
1250624921
1257684509
1250171875
1248721874
1251676281
1254980867
1262002099
1248824729
1243784389
1252228131
1239549775
1249078683
1249976385
1248827596
1255729400
1242732708
1258089164

