4894856317
4890388357
4893625395
4890946843
4891310283
4884668066
4894013543
4885714705
4890689766
4891929178
4897366194
4888519922
4890834504
4887455771
4890392489
4894021857
4891358831
4889255970
4895655499
4892304661
4892493852
4891449956
4890675518
4893677973
4892968926
4887857358
4894559558
4891189733
4895350264
4887349212
4893951952
4892311799
4892666051
4892892391
4886127705
4894993523
4891302562
4891576395
4890925749
4889000587
4897816417
4893042997
4891639553
4892571688
4892089191
4888861016
4893381188
4892977621
4893036725
4889387464
4889985603
4889625329
4894838438
4892925010
4891747003
4894626059
4888321388
4892766356
4892356215
4889821882
4892484602
4887418619
4889391366
4893417995
4889950827
4895449317
4893944416
4890756520
4891267753
4890533263
4894658491
4891592312
4893409630
4884922850
4891540553
4889179516
4894320948
4893390453
4893320328
4888654429
4893145028
4890299467
4887020113
4889315059
4887468168
4895695184
4886699163
4890173051
4892491702
4891216869
4893559652
4887562625
4889182660
4892768737
4891246542
4889132116
4889074108
4888699682
4890162582
4887777444

