4879600367
4884912789
4882773019
4881854032
4879813115
4887641472
4894920992
4911883105
4900742735
4885254507
4895859703
4885591282
4893449611
4890301692
4894776840
4891688675
4898763621
4887721023
4902714813
4878738347
4892460822
4890411282
4890209222
4873307089
4913845355
4890841415
4911889301
4896231044
4912759337
4872582934
4894050754
4884040189
4880296576
4867604404
4890857556
4885459513
4894592060
4882224682
4900842999
4878935534
4862828749
4905103656
4899669203
4888334786
4894567664
4863655013
4877343145
4905053849
4893853031
4906655520
4882829615
4894981945
4876462920
4875593567
4885519395
4890169550
4868316879
4893393933
4899559311
4898903336
4897321774
4879701033
4871784146
4884397684
4900817311
4906874129
4865673504
4895186255
4875076669
4905287798
4887247774
4884045555
4865997922
4909930429
4882733646
4892484824
4908226547
4909265058
4880267038
4910993091
4901892785
4893715680
4874794253
4908538495
4893102948
4875447972
4899618437
4900466857
4877444674
4904302861
4902740896
4898560846
4896913868
4882717361
4880835391
4887157643
4895912406
4903074055
4898837448
4888164428

