4711083268
4705649949
4703291689
4703610874
4710600064
4706982874
4709550551
4708495603
4712545667
4702899976
4711220943
4700960258
4703598838
4715238976
4705176509
4706964922
4712314016
4704395104
4715172122
4707798744
4712360692
4714862247
4717355697
4721844663
4708604437
4712916710
4709227488
4709894426
4711223338
4710208646
4707022672
4704477707
4715550661
4707348916
4707872843
4709750474
4702401983
4694732300
4698665773
4714727322
4709812021
4715749872
4712858983
4711976374
4699574402
4709594223
4707806661
4700066276
4720852786
4705126839
4706393007
4710872064
4694121451
4711834449
4699135381
4715732442
4711210404
4706092006
4718515604
4711061669
4707835764
4705051611
4706226519
4708722978
4696773233
4706131325
4707228795
4703368576
4707862835
4707914472
4708243362
4710544197
4712818339
4707297231
4714769153
4708697517
4710626014
4705048210
4708149676
4718939077
4705009915
4705020086
4710628593
4708385412
4709158241
4714807166
4712333132
4710815737
4711702013
4703647395
4707077064
4700716796
4707094000
4713737328
4703736093
4706404527
4709544302
4709057500
4704577024
4711664602

