5
149978548387 10
65724357 542378088 829816610 997843637 761946315 963025074
WWWWLLLL
LLLLWWLWWLW
LL
LLWLLLLW
WWLLW
LWWWWWWLWWW
LLLWLWWWWLLLWWW
LWLLL
LWL
LWWWL
232229625978 1
617156549 388433067 88455895 982019328 832246457 842315016
WWWWWWWLWLW
150384577977 2
834072451 628951879 740831852 789080833 709392427 755930366
WWWLWWW
LLLWWWWLLLW
557871727966 1
409600315 844156301 122353537 559347419 750385043 841345014
WL
248785098557 1
964464410 913661091 555972855 681942784 660069702 913995611
WWWWLWWWLLLLLWW
