6
871758138234 3
387090169 875112292 796731287 935969806 405146144 807677958
L
LWWLWWWLLWLWWL
LLLLL
456769012017 1
705305788 233480078 875215633 959787556 603337625 824484117
LL
594851194524 5
773834887 647639308 696563082 791356468 641508199 948258764
L
LLLWWWLWWLWW
LLLWLWLLWWLLW
LWWWW
LLW
769695388560 3
516319674 22186598 404971952 995790621 923786292 957820658
LWWLL
LWL
LWLWWLW
62078013774 1
417461910 108166878 92405528 592359465 565758179 925483758
LLL
971794113692 2
547963319 384032476 35915359 250670980 83484435 186170402
WLWWWLL
LLWLLLLWL
