5
11 13
DLRU
71 63 113 45 81 10 141 133 93 57 16 111 126
80 31 50 69 42 68 6 58 67 124 11 12 85
25 46 114 78 32 100 4 131 116 94 129 143 95
130 112 132 33 5 137 34 43 123 55 64 72 134
22 51 19 125 88 56 30 28 37 104 41 101 17
84 103 87 15 90 76 29 102 65 127 122 47 18
136 38 74 82 73 139 97 121 109 66 108 49 106
40 13 2 3 54 44 24 48 20 77 8 99 135
53 61 14 60 23 96 92 142 86 105 110 70 119
35 89 79 62 140 36 118 26 52 9 75 21 7
128 1 138 107 91 117 115 27 83 59 98 120 39
18 15
RULD
263 33 199 176 157 254 132 234 95 250 196 55 197 63 32
181 89 168 83 8 206 186 91 268 215 220 92 45 9 14
267 257 156 173 25 194 26 47 23 4 120 241 69 174 235
140 148 259 142 36 172 87 51 40 97 17 107 216 149 178
106 67 111 73 96 246 41 1 150 98 192 11 59 166 200
112 66 5 177 24 160 117 35 211 251 137 260 185 127 205
159 262 115 161 46 52 189 230 152 6 203 227 86 265 30
93 256 236 68 188 42 224 141 85 116 248 232 195 253 129
138 222 175 208 56 229 182 239 84 3 99 121 162 187 22
144 105 62 226 221 131 252 103 123 210 90 193 38 170 143
151 122 212 54 78 72 2 128 171 37 134 179 245 249 164
183 109 180 64 44 39 231 60 114 209 223 219 207 154 12
21 49 88 153 269 125 155 167 74 119 218 65 217 10 198
113 191 243 7 100 16 238 261 27 201 101 20 82 225 213
242 237 244 58 71 264 13 270 19 202 165 28 104 108 169
48 102 135 126 124 190 61 81 145 34 18 130 247 79 53
133 139 118 266 70 184 77 57 258 214 228 43 75 15 80
163 233 147 94 204 255 76 31 136 50 29 146 158 110 240
20 10
DLRU
87 60 18 119 162 9 88 149 125 135
111 102 122 137 96 76 39 58 171 116
61 151 141 199 110 79 94 108 22 71
166 53 186 44 68 142 131 63 14 13
132 67 17 128 118 175 173 24 37 117
191 105 139 46 43 190 93 33 177 70
20 170 66 103 8 50 140 84 196 80
183 127 172 145 32 174 161 10 48 65
100 133 38 92 12 193 138 150 90 194
160 187 86 55 144 75 95 73 99 35
130 107 54 69 200 1 4 42 45 15
25 89 77 98 112 27 148 159 123 167
2 3 165 146 184 164 152 49 101 31
7 72 188 136 47 181 176 163 198 19
40 157 6 121 64 124 147 169 85 36
168 156 28 120 21 182 195 29 197 113
81 155 41 179 78 129 180 158 56 115
16 23 51 82 57 189 104 153 185 97
83 26 134 30 5 109 52 114 106 192
154 34 74 91 178 62 59 143 11 126
6 8
RULD
23 45 28 7 20 38 33 46
25 27 10 15 42 2 35 19
37 5 30 29 1 11 14 48
44 21 4 32 40 22 26 6
8 36 17 47 18 41 39 3
31 43 9 16 34 13 24 12
20 16
RDLU
101 102 295 297 85 215 23 193 139 127 168 183 40 17 192 21
182 258 251 227 166 303 177 307 120 247 8 141 147 241 119 82
46 292 137 157 126 248 223 204 72 185 203 238 271 152 305 243
109 158 276 45 2 172 71 300 191 263 283 35 216 273 170 7
63 18 110 13 135 148 174 218 84 95 5 245 319 129 91 151
10 107 62 55 201 290 278 88 121 30 219 206 56 280 51 76
279 44 117 180 146 249 302 99 311 78 132 291 221 53 134 308
195 140 80 313 186 162 131 19 175 202 103 200 267 79 112 293
161 214 12 116 81 49 230 43 59 94 4 163 68 196 142 225
97 28 198 113 83 187 173 6 226 54 144 145 304 20 250 9
312 67 130 14 220 57 235 316 205 38 266 237 128 24 77 124
284 315 179 222 90 122 86 217 105 11 167 36 189 15 111 306
265 244 149 257 69 106 153 3 27 309 123 197 65 1 108 261
150 289 320 299 70 288 268 37 143 194 26 114 234 184 281 210
262 211 50 29 25 253 209 41 224 212 256 269 93 92 286 31
190 277 60 159 240 264 138 61 285 87 252 259 164 318 48 246
160 169 314 165 296 133 64 181 272 73 75 115 154 239 301 155
100 34 98 42 317 310 118 66 208 16 270 32 52 47 199 242
96 255 136 275 156 188 254 274 229 213 294 39 89 171 104 236
282 231 287 178 33 207 260 125 233 74 22 228 176 232 298 58
