162835.70813700763
25698.978021084826
138501.94998626134
138024.35290217542
593120.56954742
497526.8604730333
643705.0845999675
33953.722146154716
40534.6401732347
382305.489673874
158337.14157558035
314379.847337873
412411.8404383646
115041.05123698694
306189.0898703044
58938.87270298886
568709.398493227
189689.1021659069
156458.77801335222
50380.184085064655
19931.87732335875
139655.86963329944
140933.01036312417
90297.7064939747
472505.50757566275
225109.43219521584
104844.37171017505
177828.91030094793
600684.8865642189
219779.0698164727
212967.85084104055
321674.864376026
543206.6748994155
394578.8084880949
460770.3455469665
601200.9033131714
551558.9045029553
292193.4211254518
314572.24625464773
410883.85343605885
251949.70203090375
287196.0731732158
62559.85137482807
99052.88614877184
363393.3176479596
436343.88946194085
408827.9361456045
95454.45230861747
55128.482569604974
261392.16112182057
16838.93129819499
62442.005682132876
26880.871650389392
48120.47314701631
53166.826563646646
745883.5423602599
267016.0071048429
171491.23895054893
256478.05338226818
376984.00809165684
314007.48963923927
541805.3804040372
214622.63837985497
612381.4781250812
32906.33242488047
464425.9114697776
261771.387091966
129884.24537154178
53426.5388515968
306087.26674446475
69823.64171877188
290394.2580639929
12544.887766100985
116280.7211090605
64223.428163352924
103315.31500529841
228458.0942972968
364111.4757417464
373513.30519754946
287199.34500024735
360.54570335666176
2616.5790568842117
150916.53074327827
345643.194755194
118324.48920315191
18148.417220939184
286060.4037302494
11707.106352218
434328.4037625291
106189.14445136185
540651.2489437031
510612.18546999845
271965.83531392494
11591.770995162684
53836.23658052444
13796.892831064662
475580.9548883516
263772.83198466414
42725.86177485166
764309.8933876375
