698839.5332066198
53951.76556014129
552977.3531088879
200344.7073633578
290568.53639564384
62518.37842902205
341813.79503791913
88393.97839662999
377029.345473435
216898.1312914322
57740.081959199364
15452.883209942593
415195.7191100249
656821.4287051298
39525.66136663901
183420.15762480278
73983.47657538578
102658.82832450923
70019.27330402457
4466.999061774369
105382.56725502585
103212.68571291756
74661.94576820162
538265.3044845036
540958.0548734971
46328.70771923152
1099.4035597608065
157793.1569285974
602278.7989650827
82898.68738327269
5348.5033338109615
21353.915081590607
232505.66168908964
316653.4385789574
144029.20327724467
188588.54712421526
44357.017202624986
18855.44766142107
1254.1337261950264
360755.2890306104
690440.3199376442
141535.79978845676
12493.752750230906
71092.8205540677
114577.77998821712
349569.202429227
14537.81642380468
241312.1489350404
183605.60065908002
208675.27917834045
263896.3713381164
38973.943918863035
59428.06787056844
604318.1456119453
448798.72108543356
239646.61489207877
229732.71216534352
88139.87058238153
50080.707842489406
443018.70388435124
208873.4355865468
388482.4868363024
132531.07327656445
121058.44970329553
404918.7775660546
125326.61116284171
96001.45813643844
191187.36476211058
605639.4058356662
329930.1199157551
615693.7054885804
188500.63606234296
42658.14812800888
184542.54961661706
32384.3136199498
514884.7381620317
67496.99319613287
98552.82303078352
81363.7401878962
534270.693703432
165419.1636823571
176237.66581522478
638471.1067340113
426592.8805168963
317527.89434531884
14576.962124511927
543274.5246215928
69961.60156752232
60037.65347034858
23451.397855838288
13725.101949764636
481440.24382613675
336983.275087523
40466.34774095522
677139.0628209163
261622.1305116384
382906.98938189086
348279.7877323359
107257.79755933389
275503.34673134884
