64177.747804747225
514888.61587109335
197668.10839797842
17768.08204738728
50636.85306751314
682080.0590126838
102925.80610090005
302719.72761272837
48970.78263714832
57560.06082522948
93604.87240542342
654427.2373067174
315378.4366392592
241768.78908329958
110095.91737683443
354917.83789806685
396656.65028815356
298960.553251706
230440.7582318715
120179.74187425934
330154.4746453764
7674.601225254667
111452.04748964089
2009.5311622772972
53560.223838406506
54560.683685710035
347528.30957908154
658891.1828913342
441031.3264648765
203369.20398531534
505057.3651943281
1817.7050935465386
23426.883638464944
102739.79431190068
11998.143134468104
18943.28487514669
65589.4184553698
362729.7622203777
709498.2664124682
857328.488751022
436211.8774671081
121424.59807347259
420255.3243961246
400717.25615166925
188880.48347485653
22162.6940412843
336780.812853651
10221.470349012126
203393.4860475899
765134.4031796309
4599.169111747797
735970.9634230657
58175.13329687735
51281.26201845453
258161.1508735846
323025.30503799993
305977.4984904636
182940.57747952215
15809.445317101812
604520.1176203709
424062.56992829114
79877.04913715532
217925.51834447018
357520.4994578794
125338.69141721619
770061.9544199037
9607.760066132687
713818.8139049844
753093.8549680525
558120.0069628947
276774.340463543
368199.34068166686
76590.06151336867
112106.04947142194
88125.16574866817
250400.95298064384
239460.08628683398
27026.562445496533
49125.850863803906
760159.9770272807
340933.9832601787
85044.160218065
146641.39074159565
38429.69785374431
114263.36863728147
454560.7719658716
749906.5429674817
588225.6044073018
6394.517172372919
39693.838724460766
858751.3348916143
437309.5218943854
786424.6430137248
225311.097964973
340586.7287382089
67822.21452463616
437048.23566845304
569597.6947773378
37620.490792817196
10730.307573536655
