329929.41270389885
528012.0949397827
293788.911336954
142692.12339086668
192609.57567580827
480825.74403475993
493468.56455363083
510.0486094945285
906006.2940984354
13255.108781425619
10253.437830062541
160481.48116213805
168508.18592802863
117322.26837528113
366344.4155403391
215661.80619720518
7502.5791586219875
480885.92687009537
32443.13228589961
157584.5325179781
275668.42731727386
50654.88325186403
330153.66526951105
248729.90658652032
805608.1285926424
32895.52107391504
37066.67487951694
263890.41524664586
21394.69234443608
789918.7032561629
170480.09645688473
8663.09570496118
176045.71053595934
42685.2799931369
18079.93203442925
12762.124787732675
227518.97920102725
89133.6802249771
5261.30254414147
206637.0359860109
30440.558747747305
129265.07644043231
529006.899813833
2099.7506655300863
277346.5959800117
92178.13307125756
29422.05810623551
5793.414521969964
28086.318426877646
263228.485020979
56366.093795161905
60332.068997705835
197294.07147062142
79691.62103755775
188074.52377572827
25495.873968325337
2208.7863917284762
90625.55300294199
567125.3117076752
826480.4486697826
441664.15846100997
52046.989064743575
161770.54147172213
2478.259229763488
52347.84591564384
61198.07424477479
115027.51045425142
6528.315118335105
272381.9492947238
302362.85172377457
288468.8651526635
792108.8096915551
270368.1208511586
114993.84059319053
26394.178837572326
655128.017770485
363020.2733562769
15358.80069753436
665330.4649941137
48332.43680882091
451367.5454815637
502248.51893404924
34253.51483029453
355507.3709439684
81043.43143655153
148878.00269225382
334372.19099953177
452931.50085095863
351940.2724773245
45286.17926404117
170912.4623415907
34387.74588746411
305486.9587949536
387231.6108044563
251610.103571111
425180.2154900743
345087.7777171039
366289.92651886813
214259.9422673636
19391.190601798386
