35601.18694117789
501914.6052941089
117426.15837241117
25491.02141402454
402139.16536836996
30851.69277877475
187828.13423173263
12394.903893174374
403338.9828785747
613212.4985092634
67122.37800021653
706671.6177264863
313911.84768674
509865.9573387978
684711.9707553432
441739.5934420259
8324.356692404743
144256.1038130763
872700.9465265899
68031.2174641389
88371.71631126257
575666.8942831083
159009.77257219565
179127.16950428803
312208.9053729159
100663.05916986923
11672.637473660621
19916.833414183617
22417.483934064647
214428.17177448716
2467.911095712679
733533.4491500007
200124.22789183425
101981.44890026851
86378.84845900723
661277.7463563218
403867.135672918
514437.90491127357
165636.01305684348
293959.9966732558
774451.1866110482
17827.41340596545
731792.5318326176
230466.6329279116
86007.18635021026
40050.209817312
103924.96305120748
534276.7706894354
198581.48988291796
99707.550144676
51503.59161477611
703879.1698495594
21156.99577610394
313360.4633579928
186599.5522028195
406401.7140848918
402937.7621037013
814052.44465453
23128.2744657929
16431.62365327454
231687.23808199057
412766.61820488574
338854.9149750173
22254.620170821032
252367.49276619693
367107.5281518923
752960.6132490537
286668.4467884278
173521.24628582795
792262.9564805697
25879.7811841004
736305.9879720862
461105.4397325629
147079.98982153847
357471.33429839194
353359.4353003802
325148.5750961439
155128.5467474729
36585.41872160692
111303.06945606026
7409.469074855742
68073.62251954572
41317.54333105293
394851.1301978809
189017.82987981918
360713.9196344473
176587.29455466385
69252.86649777737
706286.1756163229
58089.13326381862
567795.881250299
120780.37898911271
256076.6538918941
19524.66096231494
51787.020740348315
62140.37178258439
47595.78117321507
45987.738125272
193450.8349786319
1655.7602101966281
