493741.6067321092
11465.16857358637
120343.09599134627
143465.40889658738
102041.15769299927
320182.81055674795
101976.21791496001
300530.378749002
20323.10962763903
94652.02110059035
330589.2545450413
368920.47586271155
473.22676472647254
72746.53019084802
65391.393889081795
285453.3693095662
343359.0422112662
112731.23246152174
301328.49913077755
655621.7333523745
21874.66731621229
451297.21795525
141148.0002816648
393413.77375494485
741556.0605496928
192373.69518823922
84721.98744072884
347504.3750104332
186184.04336960881
61879.70032763823
888614.189820502
251923.61224738593
534674.0580774983
41152.22790726674
71063.91790258173
116111.85378155128
547470.2644930276
668132.0496549977
86613.48209691027
2175.14211300009
313830.1031991551
272543.0344693828
63229.6750046262
78652.72579886352
39943.82424698271
40505.318925380656
15682.562385093024
211197.90819575716
617104.5885795421
281696.2053125015
132961.6190559969
366756.73782796966
323509.1870353231
779185.3296087801
142947.45933802944
3840.2507859860575
109967.04345767625
688624.4570743156
82238.92599173482
639455.876851945
10123.614375106712
79724.88706958893
488540.56195021956
89013.42573868588
137484.50694623403
11381.050489327657
221272.10013404704
143810.4605091302
69126.98880387559
42724.06007309925
867393.303912519
312440.0895041864
169870.3616597373
652657.9608103167
34573.567610260296
86057.56130320726
318115.27814750746
114066.70403051686
175868.08657319925
55448.050016809735
43717.52862053419
4348.2684002930355
706475.5341639756
646093.8575469288
298229.9823194335
146955.24647505305
37920.3556712962
70158.36044841041
232178.21033091674
264813.63405481435
15795.024446017585
275828.1299170962
545870.060396424
10214.988484765143
137977.76514134477
144808.22985809544
59523.40610194866
18791.127779715694
97289.83291217327
163315.01997087337
