26989.914306686027
323783.59822982876
125645.86415275752
1400.6819209250139
247392.42507258095
135134.04410525996
464570.2766832911
493659.5650557293
59422.93204826632
7977.681203422737
662576.3451990059
18863.648060979474
75041.5412240921
282863.1891060765
9144.546748669285
191083.66255145878
305113.5899572346
348020.38691614434
318128.5927692147
167855.04137623162
27508.46591840812
18478.63242870939
14344.095630830807
5383.034584655095
7480.832190341542
67206.47085482445
376642.8238940226
298157.5685721907
184425.9754272943
27721.336859135103
608520.4125697772
474962.4952916849
218128.66430394675
267325.256313545
289032.68481228856
214915.3803012767
83528.93752689906
60742.160309966275
43027.44500854243
244994.15630680625
28331.34055033432
580851.2270389778
9102.383261494706
230917.8172640611
58550.20369860093
162424.34277175713
239483.58255734423
551548.786866377
157178.6543329055
25060.927025162735
370709.97330688615
352465.0484644605
33552.33239264056
168968.42515681882
150513.98190265204
516495.017707173
331618.0025040219
2802.03159975178
519884.6322059316
161333.2813540353
41723.367251372154
115936.2168331123
12059.9390619467
379593.3662435011
5091.309762633811
140964.8211453241
32389.316576120815
65494.31546585144
947.7548245752618
541954.0461167202
45584.74176209478
267758.6332066235
198590.0810777497
183253.15778927619
206080.46943442803
385755.6652560985
176917.99172451263
99345.14669795053
193627.37994981202
142562.85816477903
32695.02307450327
6029.995099518874
93106.08332182124
6750.092615412613
25584.59514401352
4046.380263729669
8119.067486273978
28641.600166561446
8915.602416200763
68588.29735934043
196831.31719055987
237244.0518417936
312528.01913460507
219599.23044824408
181848.7081659077
309132.81558805803
15200.011678433562
251448.92343137675
182486.34096864722
117032.87662219137
