16188.571196070756
134845.03310530027
521412.6399027107
24225.119178186713
125862.95641151477
153446.34228512857
331318.284282651
70734.20075463882
39350.31111010117
323182.83824860945
135117.5806248752
98495.12996490742
201229.46281472873
290398.3724850572
581646.3035750213
27478.40055193977
40280.98942829128
149284.68792554457
375759.1460156724
289827.83672838745
588142.953445277
163755.8772684724
475137.0749481901
202903.98189019793
23642.403030284095
392306.3962635416
66726.71713475275
168386.48909261436
21534.929662949242
413.871760866144
238470.76466952072
151937.0194731516
110421.87627366201
707667.6167427937
66079.94013123712
525112.3055576695
9082.735288624343
320335.44380709814
5037.798101411032
64539.667961807456
291016.4279371706
247554.6547774952
272795.2043211813
53266.68000887574
29322.15553209282
742277.6091332095
231134.49034858117
455160.20030746714
483772.0093999787
140206.76511230782
62540.1900569953
45195.5914939333
171651.7077168465
285005.48405794066
19247.99216583547
37507.02233144174
3329.836649222534
666978.2210985089
462633.13305785775
178194.62613942506
25594.85448131122
53423.32476026923
133268.51223606232
350861.05329196056
399058.9423256581
609360.3172299372
212976.72704558575
307166.9158208907
126831.52811603986
453843.2335837462
413277.76207599643
43239.05505763174
95919.36892645764
195223.4373574287
194763.8111028
137982.11231461115
284151.579351158
135539.81556493812
127886.21606175411
14916.850164889469
71109.14839282994
489564.64298039593
71368.7292755373
15321.524290411115
29560.79643862884
71573.01670318727
86355.78295788917
105054.07667791109
416374.7832395413
60923.44625936909
19471.715044108878
177165.0365079793
234688.90938954576
435446.8942053599
54753.89068398454
37183.97335436497
91597.85296162876
474353.31181178504
442878.694940911
559207.5468828145
