14588.928193523181
585112.9252946188
418728.8295456863
593877.230718141
120907.33902166954
101986.54669109022
735545.9287318998
170540.7993878101
4068.5186479650188
23618.20497017449
572103.240035008
84330.13518949988
20703.103280578773
433309.1990262858
318564.3889521775
9402.184761473027
296411.31951813475
151508.46702402612
739570.3138501886
250022.67991649115
214780.8415872976
60795.90999781393
67639.74772134179
204439.82179976942
39189.16924581761
26989.436633437363
44039.48667346208
289551.3722385311
73366.09505490924
243233.76658661757
149055.65885537147
584841.2018335825
470684.1515347589
234866.14071921055
6507.3153981233145
155178.26660922074
79895.21894230573
72414.03422925291
238413.99947613044
417767.58096683194
184468.43578918374
452984.2305961097
320657.4457681471
236118.24783818246
15240.15731786396
314111.1783713783
87292.38648233478
28209.389507057756
13184.924630731475
18790.00574801739
235517.27827530264
32090.98240673803
6065.0393603139
6621.862145459413
449260.54229937907
171398.74057498376
72438.83792196702
28825.351865357316
73355.12951192698
199343.1702014599
13437.379280502228
555271.7382983706
161447.25701963386
155991.13963656707
274049.487744051
464337.27427090774
119912.39942832892
329162.4752473137
563675.2230858372
34911.4765789944
86755.80949560132
187735.11380004385
210636.1540340808
183085.5951759118
472117.5294709823
14471.75589761488
88234.63491806941
126799.4500151965
167329.49456585685
99676.49328978885
290985.47086479916
43781.73360046055
348058.11106671375
35146.945534948085
17263.11029172978
157947.95984403446
26978.026375619742
128794.33023519734
15379.73228443258
258558.45619928543
417127.0896487648
243182.81384214293
169551.36763800666
223092.68466000995
449863.6030314466
15201.967978610588
292787.98180784134
31668.284927564087
132757.3095312359
236700.51590494308
