308912.44897430576
3438.287179741218
241679.86931433997
271711.59849584324
213650.74358295175
347931.5747450194
379082.8253847793
110400.71105949438
156329.06624724786
43021.05554371351
250606.76776422467
154815.63039498185
211411.6017028314
105581.02748346538
48675.762839192976
530565.8263149536
5817.404316006944
34740.82431238669
133538.8808441385
45419.784269595926
100255.68417869633
367844.74888509087
15800.663388879397
223675.36003820624
93775.54683235254
5690.031572271268
324849.09034901974
97100.05392691473
58226.499098572494
10401.197469046452
494552.1617494901
59455.005096428074
50986.08195278076
565976.7593425076
152019.92360288653
305144.79077331105
18558.8748073737
620518.7514933526
48470.229780271606
25137.93626089235
97663.78623497373
200835.3028298032
2992.7773849416462
354179.57102461794
264460.5450566177
53284.98869024566
119603.30051700606
82116.44739169354
44056.38783030464
50980.19124881894
83417.61941674733
173006.5428575109
181823.73197736012
80938.0452992546
455213.0029788427
55288.56231935161
197639.26443895945
238235.85901784291
127938.974028479
174314.94800012716
384991.7246124401
289420.0845739979
108503.76366015957
143251.24316117485
47953.1721897321
224986.60290051965
147328.6074737523
51708.92186757581
125557.26356551662
45672.84357623714
237151.65865824878
73719.4065649039
562161.2402160534
95662.09016714948
123325.07425074221
239417.6582331069
114479.09067717213
130399.69476185838
467618.8570768302
195796.15970171997
20514.736961918094
135973.7862197203
1779.6393482412764
56219.38183500562
199237.8703555135
26812.628477488655
163872.5841882371
18890.647869137185
147513.94891654875
17924.013115194928
303816.02192873077
307203.8154710529
288040.49652903085
88792.2697622539
105841.93608595524
143000.441239568
63177.24485198831
47071.12413859335
205108.6982945981
7715.7735321635555
