63788.84457205591
83359.16756912634
89350.14159837538
99424.14485833576
449253.9219394205
441431.05735497235
85567.95086619542
47011.39551157815
58247.20886979625
19268.027556327703
134335.01756901864
417047.3525622417
113820.77150755512
79632.51849280515
114707.43086472317
42169.34475890368
11191.222027124491
503972.46880930144
383547.08101184666
25751.407632553655
495066.55031700805
87286.77733680743
19001.945483792766
18934.02851770084
44721.268986501076
1707.9779632850402
62783.79467762912
285972.23195281916
124434.45314845769
42219.95247337609
71153.22123722534
193363.41808662334
340658.60882320534
149914.82686418988
27194.36301365637
888590.4826884257
273171.133725684
204083.8511006141
262530.00478732516
88787.48218997491
117889.28555520426
12121.16392581099
324770.8322424084
43495.15474929423
275741.62675422424
100134.22327529186
92793.17695350676
83535.18043330207
37062.93585216387
168324.8845166326
483629.4951413491
119783.77459317587
25588.286071435992
81894.85117875304
131743.19223734553
340488.7182608251
396826.07786376204
14595.930291639163
55512.45171389461
4477.797738867284
27947.643465365934
76064.58478816645
344734.1033639174
5506.0361155022865
214468.24223932065
15069.615215406833
67448.0736213709
98675.96094661452
308679.71469656395
371124.0656788446
281520.65293194493
9292.742626697567
97143.671625001
114210.43123676574
69408.77301516566
306358.1515648745
133037.00088015708
193505.86609679475
97915.5844260506
512623.53156872984
146430.84170720942
38911.81420850163
283855.27321198996
367113.3197758301
16601.201228022743
15325.880421168442
8623.239813244852
198102.79005020115
21824.268492589483
67825.09531354437
124119.30832364396
27938.579014383187
122710.04019062714
58719.59245302964
28937.934578035045
639129.0013258186
152411.42683555142
36661.02390881232
116039.05415823209
96593.154927305
