340489.1726080772
383756.4790820776
213835.82673666012
1996.1254243783753
406168.580696148
551667.1298769783
23699.17661213132
100989.16616476093
17276.85221421243
25354.876193855616
67429.32626515113
24787.554574418326
149046.02649083617
23993.20294937746
98725.48794613309
146829.8436524834
43926.9799432688
32089.82437116888
838414.7784098258
110788.03948457779
154598.70141239752
117262.73416478198
549782.0476653781
93544.72467525763
31155.813146899432
176358.85153045345
112923.90464858244
76516.23659625772
91083.23643011687
88906.6061481669
255.1996237359744
45783.08628578621
65007.22543334624
150672.08780280643
11613.768939611537
244842.4119703505
167210.74752840996
53402.969444363465
366009.5075546268
586152.9295107841
38530.25839867127
11217.091589631807
77954.59988461164
308734.8342036843
123928.41504584123
11993.018793310379
101149.24664782539
21544.72358606979
40130.15029145788
105373.2473315293
5672.917637766146
126214.04939910075
26550.85599684423
358858.98720831884
6028.021675791613
1316.7021839570941
213247.46636818696
129211.39225492741
176026.01110531282
86690.35848953779
19035.319293108827
589050.4603340855
154083.85162541282
321474.3949184457
19951.65441915011
45378.00169932194
22147.21784195783
18184.70019499242
176623.08680934206
270115.3026973854
104282.85347537167
110669.45158096722
550234.6569732004
174443.21947838407
16182.613262627965
400323.1677231585
43799.887091729695
444278.559980077
297731.90261670516
393975.6496153344
53028.38009069985
106276.04348878341
319058.6057617897
304389.9279641306
370403.186054136
364186.11164663616
258104.48503479944
21671.46170501569
309241.1592642748
228265.33266771882
12014.504921759664
4671.84174064057
523851.9746151591
16580.654576066354
38762.78487313352
158510.54568744384
13113.636033965791
74802.85049281963
611578.0242894288
57487.47970381719
